 VARIABLES="X" "Y" "Z" "abs(p) (Pa)" "angle(p) (rad)"
ZONE N=    984,E =     246,F=FEPOINT,ET=QUADRILATERAL
 -0.4559500      1.2500000E-03 -0.1500000       2.953613       1.570826    
 -0.4553438     -2.2286100E-02 -0.1500000       2.953613       1.570826    
 -0.5642492     -2.7899800E-02 -4.6000001E-03   2.953613       1.570826    
 -0.4559500      1.2500000E-03 -0.1500000       2.953613       1.570826    
 -0.5642492     -2.7899800E-02 -4.6000001E-03   7.043504       1.570814    
 -0.4553438     -2.2286100E-02 -0.1500000       7.043504       1.570814    
 -0.4505038     -6.9108702E-02 -0.1500000       7.043504       1.570814    
 -0.5642492     -2.7899800E-02 -4.6000001E-03   7.043504       1.570814    
 -0.5642492     -2.7899800E-02 -4.6000001E-03   10.04716       1.570812    
 -0.4505038     -6.9108702E-02 -0.1500000       10.04716       1.570812    
 -0.5582547     -8.5890502E-02 -4.6000001E-03   10.04716       1.570812    
 -0.5642492     -2.7899800E-02 -4.6000001E-03   10.04716       1.570812    
 -0.5582547     -8.5890502E-02 -4.6000001E-03   15.39863       1.570810    
 -0.4505038     -6.9108702E-02 -0.1500000       15.39863       1.570810    
 -0.4408751     -0.1151856     -0.1500000       15.39863       1.570810    
 -0.5582547     -8.5890502E-02 -4.6000001E-03   15.39863       1.570810    
 -0.5582547     -8.5890502E-02 -4.6000001E-03   18.85414       1.570809    
 -0.4408751     -0.1151856     -0.1500000       18.85414       1.570809    
 -0.5463294     -0.1429575     -4.6000001E-03   18.85414       1.570809    
 -0.5582547     -8.5890502E-02 -4.6000001E-03   18.85414       1.570809    
 -0.5463294     -0.1429575     -4.6000001E-03   23.61284       1.570808    
 -0.4408751     -0.1151856     -0.1500000       23.61284       1.570808    
 -0.4265597     -0.1600282     -0.1500000       23.61284       1.570808    
 -0.5463294     -0.1429575     -4.6000001E-03   23.61284       1.570808    
 -0.5463294     -0.1429575     -4.6000001E-03   27.47688       1.570808    
 -0.4265597     -0.1600282     -0.1500000       27.47688       1.570808    
 -0.5285996     -0.1984958     -4.6000001E-03   27.47688       1.570808    
 -0.5463294     -0.1429575     -4.6000001E-03   27.47688       1.570808    
 -0.5285996     -0.1984958     -4.6000001E-03   31.58026       1.570808    
 -0.4265597     -0.1600282     -0.1500000       31.58026       1.570808    
 -0.4077095     -0.2031613     -0.1500000       31.58026       1.570808    
 -0.5285996     -0.1984958     -4.6000001E-03   31.58026       1.570808    
 -0.5285996     -0.1984958     -4.6000001E-03   35.81177       1.570808    
 -0.4077095     -0.2031613     -0.1500000       35.81177       1.570808    
 -0.5052533     -0.2519168     -4.6000001E-03   35.81177       1.570808    
 -0.5285996     -0.1984958     -4.6000001E-03   35.81177       1.570808    
 -0.5052533     -0.2519168     -4.6000001E-03   39.21471       1.570807    
 -0.4077095     -0.2031613     -0.1500000       39.21471       1.570807    
 -0.3845242     -0.2441275     -0.1500000       39.21471       1.570807    
 -0.5052533     -0.2519168     -4.6000001E-03   39.21471       1.570807    
 -0.5052533     -0.2519168     -4.6000001E-03   43.76944       1.570807    
 -0.3845242     -0.2441275     -0.1500000       43.76944       1.570807    
 -0.4765379     -0.3026542     -4.6000001E-03   43.76944       1.570807    
 -0.5052533     -0.2519168     -4.6000001E-03   43.76944       1.570807    
 -0.4765379     -0.3026542     -4.6000001E-03   46.43407       1.570807    
 -0.3845242     -0.2441275     -0.1500000       46.43407       1.570807    
 -0.3572496     -0.2824926     -0.1500000       46.43407       1.570807    
 -0.4765379     -0.3026542     -4.6000001E-03   46.43407       1.570807    
 -0.4765379     -0.3026542     -4.6000001E-03   51.26361       1.570807    
 -0.3572496     -0.2824926     -0.1500000       51.26361       1.570807    
 -0.4427578     -0.3501701     -4.6000001E-03   51.26361       1.570807    
 -0.4765379     -0.3026542     -4.6000001E-03   51.26361       1.570807    
 -0.4427578     -0.3501701     -4.6000001E-03   53.16151       1.570807    
 -0.3572496     -0.2824926     -0.1500000       53.16151       1.570807    
 -0.3261748     -0.3178501     -0.1500000       53.16151       1.570807    
 -0.4427578     -0.3501701     -4.6000001E-03   53.16151       1.570807    
 -0.4427578     -0.3501701     -4.6000001E-03   58.21467       1.570807    
 -0.3261748     -0.3178501     -0.1500000       58.21467       1.570807    
 -0.4042712     -0.3939609     -4.6000001E-03   58.21467       1.570807    
 -0.4427578     -0.3501701     -4.6000001E-03   58.21467       1.570807    
 -0.4042712     -0.3939609     -4.6000001E-03   59.32578       1.570807    
 -0.3261748     -0.3178501     -0.1500000       59.32578       1.570807    
 -0.2916292     -0.3498249     -0.1500000       59.32578       1.570807    
 -0.4042712     -0.3939609     -4.6000001E-03   59.32578       1.570807    
 -0.4042712     -0.3939609     -4.6000001E-03   64.54931       1.570807    
 -0.2916292     -0.3498249     -0.1500000       64.54931       1.570807    
 -0.3614859     -0.4335623     -4.6000001E-03   64.54931       1.570807    
 -0.4042712     -0.3939609     -4.6000001E-03   64.54931       1.570807    
 -0.3614859     -0.4335623     -4.6000001E-03   64.86145       1.570807    
 -0.2916292     -0.3498249     -0.1500000       64.86145       1.570807    
 -0.2539790     -0.3780783     -0.1500000       64.86145       1.570807    
 -0.3614859     -0.4335623     -4.6000001E-03   64.86145       1.570807    
 -0.3614859     -0.4335623     -4.6000001E-03   70.20003       1.570807    
 -0.2539790     -0.3780783     -0.1500000       70.20003       1.570807    
 -0.3148555     -0.4685546     -4.6000001E-03   70.20003       1.570807    
 -0.3614859     -0.4335623     -4.6000001E-03   70.20003       1.570807    
 -0.3148555     -0.4685546     -4.6000001E-03   69.70945       1.570807    
 -0.2539790     -0.3780783     -0.1500000       69.70945       1.570807    
 -0.2136233     -0.4023107     -0.1500000       69.70945       1.570807    
 -0.3148555     -0.4685546     -4.6000001E-03   69.70945       1.570807    
 -0.3148555     -0.4685546     -4.6000001E-03   75.10629       1.570807    
 -0.2136233     -0.4023107     -0.1500000       75.10629       1.570807    
 -0.2648743     -0.4985668     -4.6000001E-03   75.10629       1.570807    
 -0.3148555     -0.4685546     -4.6000001E-03   75.10629       1.570807    
 -0.2648743     -0.4985668     -4.6000001E-03   73.81863       1.570807    
 -0.2136233     -0.4023107     -0.1500000       73.81863       1.570807    
 -0.1709900     -0.4222653     -0.1500000       73.81863       1.570807    
 -0.2648743     -0.4985668     -4.6000001E-03   73.81863       1.570807    
 -0.2648743     -0.4985668     -4.6000001E-03   79.21658       1.570807    
 -0.1709900     -0.4222653     -0.1500000       79.21658       1.570807    
 -0.2120721     -0.5232809     -4.6000001E-03   79.21658       1.570807    
 -0.2648743     -0.4985668     -4.6000001E-03   79.21658       1.570807    
 -0.2120721     -0.5232809     -4.6000001E-03   77.14544       1.570807    
 -0.1709900     -0.4222653     -0.1500000       77.14544       1.570807    
 -0.1265308     -0.4377305     -0.1500000       77.14544       1.570807    
 -0.2120721     -0.5232809     -4.6000001E-03   77.14544       1.570807    
 -0.2120721     -0.5232809     -4.6000001E-03   82.48724       1.570807    
 -0.1265308     -0.4377305     -0.1500000       82.48724       1.570807    
 -0.1570087     -0.5424348     -4.6000001E-03   82.48724       1.570807    
 -0.2120721     -0.5232809     -4.6000001E-03   82.48724       1.570807    
 -0.1570087     -0.5424348     -4.6000001E-03   79.65446       1.570807    
 -0.1265308     -0.4377305     -0.1500000       79.65446       1.570807    
 -8.0717102E-02 -0.4485424     -0.1500000       79.65446       1.570807    
 -0.1570087     -0.5424348     -4.6000001E-03   79.65446       1.570807    
 -0.1570087     -0.5424348     -4.6000001E-03   84.88363       1.570807    
 -8.0717102E-02 -0.4485424     -0.1500000       84.88363       1.570807    
 -0.1002677     -0.5558256     -4.6000001E-03   84.88363       1.570807    
 -0.1570087     -0.5424348     -4.6000001E-03   84.88363       1.570807    
 -0.1002677     -0.5558256     -4.6000001E-03   81.31938       1.570807    
 -8.0717102E-02 -0.4485424     -0.1500000       81.31938       1.570807    
 -3.4034599E-02 -0.4545864     -0.1500000       81.31938       1.570807    
 -0.1002677     -0.5558256     -4.6000001E-03   81.31938       1.570807    
 -0.1002677     -0.5558256     -4.6000001E-03   86.38030       1.570807    
 -3.4034599E-02 -0.4545864     -0.1500000       86.38030       1.570807    
 -4.2450599E-02 -0.5633112     -4.6000001E-03   86.38030       1.570807    
 -0.1002677     -0.5558256     -4.6000001E-03   86.38030       1.570807    
 -4.2450599E-02 -0.5633112     -4.6000001E-03   82.12207       1.570807    
 -3.4034599E-02 -0.4545864     -0.1500000       82.12207       1.570807    
  1.3022000E-02 -0.4557984     -0.1500000       82.12207       1.570807    
 -4.2450599E-02 -0.5633112     -4.6000001E-03   82.12207       1.570807    
 -4.2450599E-02 -0.5633112     -4.6000001E-03   86.96134       1.570807    
  1.3022000E-02 -0.4557984     -0.1500000       86.96134       1.570807    
  1.5829800E-02 -0.5648122     -4.6000001E-03   86.96134       1.570807    
 -4.2450599E-02 -0.5633112     -4.6000001E-03   86.96134       1.570807    
  1.5829800E-02 -0.5648122     -4.6000001E-03   82.05444       1.570807    
  1.3022000E-02 -0.4557984     -0.1500000       82.05444       1.570807    
  5.9953801E-02 -0.4521656     -0.1500000       82.05444       1.570807    
  1.5829800E-02 -0.5648122     -4.6000001E-03   82.05444       1.570807    
  1.5829800E-02 -0.5648122     -4.6000001E-03   86.62057       1.570807    
  5.9953801E-02 -0.4521656     -0.1500000       86.62057       1.570807    
  7.3955603E-02 -0.5603129     -4.6000001E-03   86.62057       1.570807    
  1.5829800E-02 -0.5648122     -4.6000001E-03   86.62057       1.570807    
  7.3955603E-02 -0.5603129     -4.6000001E-03   81.11686       1.570807    
  5.9953801E-02 -0.4521656     -0.1500000       81.11686       1.570807    
  0.1062633     -0.4437265     -0.1500000       81.11686       1.570807    
  7.3955603E-02 -0.5603129     -4.6000001E-03   81.11686       1.570807    
  7.3955603E-02 -0.5603129     -4.6000001E-03   85.36150       1.570807    
  0.1062633     -0.4437265     -0.1500000       85.36150       1.570807    
  0.1313107     -0.5498609     -4.6000001E-03   85.36150       1.570807    
  7.3955603E-02 -0.5603129     -4.6000001E-03   85.36150       1.570807    
  0.1313107     -0.5498609     -4.6000001E-03   79.31953       1.570807    
  0.1062633     -0.4437265     -0.1500000       79.31953       1.570807    
  0.1514596     -0.4305705     -0.1500000       79.31953       1.570807    
  0.1313107     -0.5498609     -4.6000001E-03   79.31953       1.570807    
  0.1313107     -0.5498609     -4.6000001E-03   83.19759       1.570807    
  0.1514596     -0.4305705     -0.1500000       83.19759       1.570807    
  0.1872871     -0.5335670     -4.6000001E-03   83.19759       1.570807    
  0.1313107     -0.5498609     -4.6000001E-03   83.19759       1.570807    
  0.1872871     -0.5335670     -4.6000001E-03   76.68142       1.570807    
  0.1514596     -0.4305705     -0.1500000       76.68142       1.570807    
  0.1950637     -0.4128371     -0.1500000       76.68142       1.570807    
  0.1872871     -0.5335670     -4.6000001E-03   76.68142       1.570807    
  0.1872871     -0.5335670     -4.6000001E-03   80.15189       1.570807    
  0.1950637     -0.4128371     -0.1500000       80.15189       1.570807    
  0.2412916     -0.5116039     -4.6000001E-03   80.15189       1.570807    
  0.1872871     -0.5335670     -4.6000001E-03   80.15189       1.570807    
  0.2412916     -0.5116039     -4.6000001E-03   73.23041       1.570807    
  0.1950637     -0.4128371     -0.1500000       73.23041       1.570807    
  0.2366133     -0.3907142     -0.1500000       73.23041       1.570807    
  0.2412916     -0.5116039     -4.6000001E-03   73.23041       1.570807    
  0.2412916     -0.5116039     -4.6000001E-03   76.25650       1.570807    
  0.2366133     -0.3907142     -0.1500000       76.25650       1.570807    
  0.2927515     -0.4842044     -4.6000001E-03   76.25650       1.570807    
  0.2412916     -0.5116039     -4.6000001E-03   76.25650       1.570807    
  0.2927515     -0.4842044     -4.6000001E-03   69.00311       1.570807    
  0.2366133     -0.3907142     -0.1500000       69.00311       1.570807    
  0.2756680     -0.3644365     -0.1500000       69.00311       1.570807    
  0.2927515     -0.4842044     -4.6000001E-03   69.00311       1.570807    
  0.2927515     -0.4842044     -4.6000001E-03   71.55277       1.570807    
  0.2756680     -0.3644365     -0.1500000       71.55277       1.570807    
  0.3411214     -0.4516589     -4.6000001E-03   71.55277       1.570807    
  0.2927515     -0.4842044     -4.6000001E-03   71.55277       1.570807    
  0.3411214     -0.4516589     -4.6000001E-03   64.04446       1.570807    
  0.2756680     -0.3644365     -0.1500000       64.04446       1.570807    
  0.3118138     -0.3342824     -0.1500000       64.04446       1.570807    
  0.3411214     -0.4516589     -4.6000001E-03   64.04446       1.570807    
  0.3411214     -0.4516589     -4.6000001E-03   66.09064       1.570807    
  0.3118138     -0.3342824     -0.1500000       66.09064       1.570807    
  0.3858885     -0.4143126     -4.6000001E-03   66.09064       1.570807    
  0.3411214     -0.4516589     -4.6000001E-03   66.09064       1.570807    
  0.3858885     -0.4143126     -4.6000001E-03   58.40698       1.570807    
  0.3118138     -0.3342824     -0.1500000       58.40698       1.570807    
  0.3446676     -0.3005715     -0.1500000       58.40698       1.570807    
  0.3858885     -0.4143126     -4.6000001E-03   58.40698       1.570807    
  0.3858885     -0.4143126     -4.6000001E-03   59.92792       1.570807    
  0.3446676     -0.3005715     -0.1500000       59.92792       1.570807    
  0.4265785     -0.3725611     -4.6000001E-03   59.92792       1.570807    
  0.3858885     -0.4143126     -4.6000001E-03   59.92792       1.570807    
  0.4265785     -0.3725611     -4.6000001E-03   52.15025       1.570807    
  0.3446676     -0.3005715     -0.1500000       52.15025       1.570807    
  0.3738810     -0.2636613     -0.1500000       52.15025       1.570807    
  0.4265785     -0.3725611     -4.6000001E-03   52.15025       1.570807    
  0.4265785     -0.3725611     -4.6000001E-03   53.12995       1.570807    
  0.3738810     -0.2636613     -0.1500000       53.12995       1.570807    
  0.4627600     -0.3268472     -4.6000001E-03   53.12995       1.570807    
  0.4265785     -0.3725611     -4.6000001E-03   53.12995       1.570807    
  0.4627600     -0.3268472     -4.6000001E-03   45.34080       1.570807    
  0.3738810     -0.2636613     -0.1500000       45.34080       1.570807    
  0.3991444     -0.2239430     -0.1500000       45.34080       1.570807    
  0.4627600     -0.3268472     -4.6000001E-03   45.34080       1.570807    
  0.4627600     -0.3268472     -4.6000001E-03   45.76871       1.570807    
  0.3991444     -0.2239430     -0.1500000       45.76871       1.570807    
  0.4940490     -0.2776553     -4.6000001E-03   45.76871       1.570807    
  0.4627600     -0.3268472     -4.6000001E-03   45.76871       1.570807    
  0.4940490     -0.2776553     -4.6000001E-03   38.05073       1.570807    
  0.3991444     -0.2239430     -0.1500000       38.05073       1.570807    
  0.4201901     -0.1818375     -0.1500000       38.05073       1.570807    
  0.4940490     -0.2776553     -4.6000001E-03   38.05073       1.570807    
  0.4940490     -0.2776553     -4.6000001E-03   37.92247       1.570808    
  0.4201901     -0.1818375     -0.1500000       37.92247       1.570808    
  0.5201140     -0.2255070     -4.6000001E-03   37.92247       1.570808    
  0.4940490     -0.2776553     -4.6000001E-03   37.92247       1.570808    
  0.5201140     -0.2255070     -4.6000001E-03   30.35742       1.570808    
  0.4201901     -0.1818375     -0.1500000       30.35742       1.570808    
  0.4367950     -0.1377913     -0.1500000       30.35742       1.570808    
  0.5201140     -0.2255070     -4.6000001E-03   30.35742       1.570808    
  0.5201140     -0.2255070     -4.6000001E-03   29.67440       1.570808    
  0.4367950     -0.1377913     -0.1500000       29.67440       1.570808    
  0.5406800     -0.1709550     -4.6000001E-03   29.67440       1.570808    
  0.5201140     -0.2255070     -4.6000001E-03   29.67440       1.570808    
  0.5406800     -0.1709550     -4.6000001E-03   22.34216       1.570809    
  0.4367950     -0.1377913     -0.1500000       22.34216       1.570809    
  0.4487830     -9.2271201E-02 -0.1500000       22.34216       1.570809    
  0.5406800     -0.1709550     -4.6000001E-03   22.34216       1.570809    
  0.5406800     -0.1709550     -4.6000001E-03   21.11135       1.570809    
  0.4487830     -9.2271201E-02 -0.1500000       21.11135       1.570809    
  0.5555270     -0.1145776     -4.6000001E-03   21.11135       1.570809    
  0.5406800     -0.1709550     -4.6000001E-03   21.11135       1.570809    
  0.5555270     -0.1145776     -4.6000001E-03   14.09011       1.570810    
  0.4487830     -9.2271201E-02 -0.1500000       14.09011       1.570810    
  0.4560270     -4.5759700E-02 -0.1500000       14.09011       1.570810    
  0.5555270     -0.1145776     -4.6000001E-03   14.09011       1.570810    
  0.5555270     -0.1145776     -4.6000001E-03   12.32484       1.570811    
  0.4560270     -4.5759700E-02 -0.1500000       12.32484       1.570811    
  0.5644990     -5.6972399E-02 -4.6000001E-03   12.32484       1.570811    
  0.5555270     -0.1145776     -4.6000001E-03   12.32484       1.570811    
  0.5644990     -5.6972399E-02 -4.6000001E-03   5.688644       1.570817    
  0.4560270     -4.5759700E-02 -0.1500000       5.688644       1.570817    
  0.4584500      1.2500000E-03 -0.1500000       5.688644       1.570817    
  0.5644990     -5.6972399E-02 -4.6000001E-03   5.688644       1.570817    
  0.5644990     -5.6972399E-02 -4.6000001E-03   3.407482       1.570823    
  0.4584500      1.2500000E-03 -0.1500000       3.407482       1.570823    
  0.5675000      1.2500000E-03 -4.6000001E-03   3.407482       1.570823    
  0.5644990     -5.6972399E-02 -4.6000001E-03   3.407482       1.570823    
  0.5675000      1.2500000E-03 -4.6000001E-03   2.772947      -1.570809    
  0.4584500      1.2500000E-03 -0.1500000       2.772947      -1.570809    
  0.4560270      4.8259798E-02 -0.1500000       2.772947      -1.570809    
  0.5675000      1.2500000E-03 -4.6000001E-03   2.772947      -1.570809    
  0.5675000      1.2500000E-03 -4.6000001E-03   5.545816      -1.570797    
  0.4560270      4.8259798E-02 -0.1500000       5.545816      -1.570797    
  0.5644990      5.9472401E-02 -4.6000001E-03   5.545816      -1.570797    
  0.5675000      1.2500000E-03 -4.6000001E-03   5.545816      -1.570797    
  0.5644990      5.9472401E-02 -4.6000001E-03   11.20530      -1.570792    
  0.4560270      4.8259798E-02 -0.1500000       11.20530      -1.570792    
  0.4487830      9.4771199E-02 -0.1500000       11.20530      -1.570792    
  0.5644990      5.9472401E-02 -4.6000001E-03   11.20530      -1.570792    
  0.5644990      5.9472401E-02 -4.6000001E-03   14.44053      -1.570791    
  0.4487830      9.4771199E-02 -0.1500000       14.44053      -1.570791    
  0.5555270      0.1170776     -4.6000001E-03   14.44053      -1.570791    
  0.5644990      5.9472401E-02 -4.6000001E-03   14.44053      -1.570791    
  0.5555270      0.1170776     -4.6000001E-03   19.51885      -1.570790    
  0.4487830      9.4771199E-02 -0.1500000       19.51885      -1.570790    
  0.4367950      0.1402913     -0.1500000       19.51885      -1.570790    
  0.5555270      0.1170776     -4.6000001E-03   19.51885      -1.570790    
  0.5555270      0.1170776     -4.6000001E-03   23.18194      -1.570789    
  0.4367950      0.1402913     -0.1500000       23.18194      -1.570789    
  0.5406800      0.1734551     -4.6000001E-03   23.18194      -1.570789    
  0.5555270      0.1170776     -4.6000001E-03   23.18194      -1.570789    
  0.5406800      0.1734551     -4.6000001E-03   27.62547      -1.570789    
  0.4367950      0.1402913     -0.1500000       27.62547      -1.570789    
  0.4201901      0.1843376     -0.1500000       27.62547      -1.570789    
  0.5406800      0.1734551     -4.6000001E-03   27.62547      -1.570789    
  0.5406800      0.1734551     -4.6000001E-03   31.67791      -1.570789    
  0.4201901      0.1843376     -0.1500000       31.67791      -1.570789    
  0.5201140      0.2280070     -4.6000001E-03   31.67791      -1.570789    
  0.5406800      0.1734551     -4.6000001E-03   31.67791      -1.570789    
  0.5201140      0.2280070     -4.6000001E-03   35.43924      -1.570789    
  0.4201901      0.1843376     -0.1500000       35.43924      -1.570789    
  0.3991444      0.2264430     -0.1500000       35.43924      -1.570789    
  0.5201140      0.2280070     -4.6000001E-03   35.43924      -1.570789    
  0.5201140      0.2280070     -4.6000001E-03   39.83764      -1.570788    
  0.3991444      0.2264430     -0.1500000       39.83764      -1.570788    
  0.4940490      0.2801554     -4.6000001E-03   39.83764      -1.570788    
  0.5201140      0.2280070     -4.6000001E-03   39.83764      -1.570788    
  0.4940490      0.2801554     -4.6000001E-03   42.87725      -1.570788    
  0.3991444      0.2264430     -0.1500000       42.87725      -1.570788    
  0.3738810      0.2661614     -0.1500000       42.87725      -1.570788    
  0.4940490      0.2801554     -4.6000001E-03   42.87725      -1.570788    
  0.4940490      0.2801554     -4.6000001E-03   47.57536      -1.570788    
  0.3738810      0.2661614     -0.1500000       47.57536      -1.570788    
  0.4627600      0.3293472     -4.6000001E-03   47.57536      -1.570788    
  0.4940490      0.2801554     -4.6000001E-03   47.57536      -1.570788    
  0.4627600      0.3293472     -4.6000001E-03   49.86086      -1.570788    
  0.3738810      0.2661614     -0.1500000       49.86086      -1.570788    
  0.3446676      0.3030716     -0.1500000       49.86086      -1.570788    
  0.4627600      0.3293472     -4.6000001E-03   49.86086      -1.570788    
  0.4627600      0.3293472     -4.6000001E-03   54.80882      -1.570788    
  0.3446676      0.3030716     -0.1500000       54.80882      -1.570788    
  0.4265785      0.3750612     -4.6000001E-03   54.80882      -1.570788    
  0.4627600      0.3293472     -4.6000001E-03   54.80882      -1.570788    
  0.4265785      0.3750612     -4.6000001E-03   56.31598      -1.570788    
  0.3446676      0.3030716     -0.1500000       56.31598      -1.570788    
  0.3118138      0.3367824     -0.1500000       56.31598      -1.570788    
  0.4265785      0.3750612     -4.6000001E-03   56.31598      -1.570788    
  0.4265785      0.3750612     -4.6000001E-03   61.46121      -1.570788    
  0.3118138      0.3367824     -0.1500000       61.46121      -1.570788    
  0.3858885      0.4168126     -4.6000001E-03   61.46121      -1.570788    
  0.4265785      0.3750612     -4.6000001E-03   61.46121      -1.570788    
  0.3858885      0.4168126     -4.6000001E-03   62.17406      -1.570788    
  0.3118138      0.3367824     -0.1500000       62.17406      -1.570788    
  0.2756680      0.3669365     -0.1500000       62.17406      -1.570788    
  0.3858885      0.4168126     -4.6000001E-03   62.17406      -1.570788    
  0.3858885      0.4168126     -4.6000001E-03   67.46211      -1.570788    
  0.2756680      0.3669365     -0.1500000       67.46211      -1.570788    
  0.3411214      0.4541590     -4.6000001E-03   67.46211      -1.570788    
  0.3858885      0.4168126     -4.6000001E-03   67.46211      -1.570788    
  0.3411214      0.4541590     -4.6000001E-03   67.37309      -1.570788    
  0.2756680      0.3669365     -0.1500000       67.37309      -1.570788    
  0.2366133      0.3932143     -0.1500000       67.37309      -1.570788    
  0.3411214      0.4541590     -4.6000001E-03   67.37309      -1.570788    
  0.3411214      0.4541590     -4.6000001E-03   72.74796      -1.570787    
  0.2366133      0.3932143     -0.1500000       72.74796      -1.570787    
  0.2927515      0.4867040     -4.6000001E-03   72.74796      -1.570787    
  0.3411214      0.4541590     -4.6000001E-03   72.74796      -1.570787    
  0.2927515      0.4867040     -4.6000001E-03   71.85800      -1.570788    
  0.2366133      0.3932143     -0.1500000       71.85800      -1.570788    
  0.1950637      0.4153371     -0.1500000       71.85800      -1.570788    
  0.2927515      0.4867040     -4.6000001E-03   71.85800      -1.570788    
  0.2927515      0.4867040     -4.6000001E-03   77.26247      -1.570787    
  0.1950637      0.4153371     -0.1500000       77.26247      -1.570787    
  0.2412916      0.5141040     -4.6000001E-03   77.26247      -1.570787    
  0.2927515      0.4867040     -4.6000001E-03   77.26247      -1.570787    
  0.2412916      0.5141040     -4.6000001E-03   75.58104      -1.570788    
  0.1950637      0.4153371     -0.1500000       75.58104      -1.570788    
  0.1514596      0.4330705     -0.1500000       75.58104      -1.570788    
  0.2412916      0.5141040     -4.6000001E-03   75.58104      -1.570788    
  0.2412916      0.5141040     -4.6000001E-03   80.95806      -1.570787    
  0.1514596      0.4330705     -0.1500000       80.95806      -1.570787    
  0.1872871      0.5360670     -4.6000001E-03   80.95806      -1.570787    
  0.2412916      0.5141040     -4.6000001E-03   80.95806      -1.570787    
  0.1872871      0.5360670     -4.6000001E-03   78.50295      -1.570788    
  0.1514596      0.4330705     -0.1500000       78.50295      -1.570788    
  0.1062633      0.4462270     -0.1500000       78.50295      -1.570788    
  0.1872871      0.5360670     -4.6000001E-03   78.50295      -1.570788    
  0.1872871      0.5360670     -4.6000001E-03   83.79548      -1.570787    
  0.1062633      0.4462270     -0.1500000       83.79548      -1.570787    
  0.1313107      0.5523610     -4.6000001E-03   83.79548      -1.570787    
  0.1872871      0.5360670     -4.6000001E-03   83.79548      -1.570787    
  0.1313107      0.5523610     -4.6000001E-03   80.59285      -1.570788    
  0.1062633      0.4462270     -0.1500000       80.59285      -1.570788    
  5.9953801E-02  0.4546660     -0.1500000       80.59285      -1.570788    
  0.1313107      0.5523610     -4.6000001E-03   80.59285      -1.570788    
  0.1313107      0.5523610     -4.6000001E-03   85.74475      -1.570787    
  5.9953801E-02  0.4546660     -0.1500000       85.74475      -1.570787    
  7.3955603E-02  0.5628130     -4.6000001E-03   85.74475      -1.570787    
  0.1313107      0.5523610     -4.6000001E-03   85.74475      -1.570787    
  7.3955603E-02  0.5628130     -4.6000001E-03   81.82837      -1.570788    
  5.9953801E-02  0.4546660     -0.1500000       81.82837      -1.570788    
  1.3022000E-02  0.4582980     -0.1500000       81.82837      -1.570788    
  7.3955603E-02  0.5628130     -4.6000001E-03   81.82837      -1.570788    
  7.3955603E-02  0.5628130     -4.6000001E-03   86.78503      -1.570787    
  1.3022000E-02  0.4582980     -0.1500000       86.78503      -1.570787    
  1.5829800E-02  0.5673120     -4.6000001E-03   86.78503      -1.570787    
  7.3955603E-02  0.5628130     -4.6000001E-03   86.78503      -1.570787    
  1.5829800E-02  0.5673120     -4.6000001E-03   82.19632      -1.570787    
  1.3022000E-02  0.4582980     -0.1500000       82.19632      -1.570787    
 -3.4034599E-02  0.4570860     -0.1500000       82.19632      -1.570787    
  1.5829800E-02  0.5673120     -4.6000001E-03   82.19632      -1.570787    
  1.5829800E-02  0.5673120     -4.6000001E-03   86.90530      -1.570787    
 -3.4034599E-02  0.4570860     -0.1500000       86.90530      -1.570787    
 -4.2450599E-02  0.5658110     -4.6000001E-03   86.90530      -1.570787    
  1.5829800E-02  0.5673120     -4.6000001E-03   86.90530      -1.570787    
 -4.2450599E-02  0.5658110     -4.6000001E-03   81.69284      -1.570788    
 -3.4034599E-02  0.4570860     -0.1500000       81.69284      -1.570788    
 -8.0717102E-02  0.4510420     -0.1500000       81.69284      -1.570788    
 -4.2450599E-02  0.5658110     -4.6000001E-03   81.69284      -1.570788    
 -4.2450599E-02  0.5658110     -4.6000001E-03   86.10399      -1.570787    
 -8.0717102E-02  0.4510420     -0.1500000       86.10399      -1.570787    
 -0.1002677      0.5583260     -4.6000001E-03   86.10399      -1.570787    
 -4.2450599E-02  0.5658110     -4.6000001E-03   86.10399      -1.570787    
 -0.1002677      0.5583260     -4.6000001E-03   80.32373      -1.570788    
 -8.0717102E-02  0.4510420     -0.1500000       80.32373      -1.570788    
 -0.1265308      0.4402310     -0.1500000       80.32373      -1.570788    
 -0.1002677      0.5583260     -4.6000001E-03   80.32373      -1.570788    
 -0.1002677      0.5583260     -4.6000001E-03   84.39028      -1.570787    
 -0.1265308      0.4402310     -0.1500000       84.39028      -1.570787    
 -0.1570087      0.5449350     -4.6000001E-03   84.39028      -1.570787    
 -0.1002677      0.5583260     -4.6000001E-03   84.39028      -1.570787    
 -0.1570087      0.5449350     -4.6000001E-03   78.10316      -1.570788    
 -0.1265308      0.4402310     -0.1500000       78.10316      -1.570788    
 -0.1709900      0.4247653     -0.1500000       78.10316      -1.570788    
 -0.1570087      0.5449350     -4.6000001E-03   78.10316      -1.570788    
 -0.1570087      0.5449350     -4.6000001E-03   81.78241      -1.570787    
 -0.1709900      0.4247653     -0.1500000       81.78241      -1.570787    
 -0.2120721      0.5257810     -4.6000001E-03   81.78241      -1.570787    
 -0.1570087      0.5449350     -4.6000001E-03   81.78241      -1.570787    
 -0.2120721      0.5257810     -4.6000001E-03   75.05474      -1.570788    
 -0.1709900      0.4247653     -0.1500000       75.05474      -1.570788    
 -0.2136233      0.4048108     -0.1500000       75.05474      -1.570788    
 -0.2120721      0.5257810     -4.6000001E-03   75.05474      -1.570788    
 -0.2120721      0.5257810     -4.6000001E-03   78.30737      -1.570787    
 -0.2136233      0.4048108     -0.1500000       78.30737      -1.570787    
 -0.2648743      0.5010670     -4.6000001E-03   78.30737      -1.570787    
 -0.2120721      0.5257810     -4.6000001E-03   78.30737      -1.570787    
 -0.2648743      0.5010670     -4.6000001E-03   71.21069      -1.570788    
 -0.2136233      0.4048108     -0.1500000       71.21069      -1.570788    
 -0.2539790      0.3805784     -0.1500000       71.21069      -1.570788    
 -0.2648743      0.5010670     -4.6000001E-03   71.21069      -1.570788    
 -0.2648743      0.5010670     -4.6000001E-03   74.00222      -1.570787    
 -0.2539790      0.3805784     -0.1500000       74.00222      -1.570787    
 -0.3148555      0.4710550     -4.6000001E-03   74.00222      -1.570787    
 -0.2648743      0.5010670     -4.6000001E-03   74.00222      -1.570787    
 -0.3148555      0.4710550     -4.6000001E-03   66.61154      -1.570788    
 -0.2539790      0.3805784     -0.1500000       66.61154      -1.570788    
 -0.2916292      0.3523250     -0.1500000       66.61154      -1.570788    
 -0.3148555      0.4710550     -4.6000001E-03   66.61154      -1.570788    
 -0.3148555      0.4710550     -4.6000001E-03   68.91248      -1.570788    
 -0.2916292      0.3523250     -0.1500000       68.91248      -1.570788    
 -0.3614859      0.4360620     -4.6000001E-03   68.91248      -1.570788    
 -0.3148555      0.4710550     -4.6000001E-03   68.91248      -1.570788    
 -0.3614859      0.4360620     -4.6000001E-03   61.30628      -1.570788    
 -0.2916292      0.3523250     -0.1500000       61.30628      -1.570788    
 -0.3261748      0.3203501     -0.1500000       61.30628      -1.570788    
 -0.3614859      0.4360620     -4.6000001E-03   61.30628      -1.570788    
 -0.3614859      0.4360620     -4.6000001E-03   63.09201      -1.570788    
 -0.3261748      0.3203501     -0.1500000       63.09201      -1.570788    
 -0.4042712      0.3964609     -4.6000001E-03   63.09201      -1.570788    
 -0.3614859      0.4360620     -4.6000001E-03   63.09201      -1.570788    
 -0.4042712      0.3964609     -4.6000001E-03   55.35158      -1.570788    
 -0.3261748      0.3203501     -0.1500000       55.35158      -1.570788    
 -0.3572496      0.2849927     -0.1500000       55.35158      -1.570788    
 -0.4042712      0.3964609     -4.6000001E-03   55.35158      -1.570788    
 -0.4042712      0.3964609     -4.6000001E-03   56.60357      -1.570788    
 -0.3572496      0.2849927     -0.1500000       56.60357      -1.570788    
 -0.4427578      0.3526701     -4.6000001E-03   56.60357      -1.570788    
 -0.4042712      0.3964609     -4.6000001E-03   56.60357      -1.570788    
 -0.4427578      0.3526701     -4.6000001E-03   48.80998      -1.570788    
 -0.3572496      0.2849927     -0.1500000       48.80998      -1.570788    
 -0.3845242      0.2466275     -0.1500000       48.80998      -1.570788    
 -0.4427578      0.3526701     -4.6000001E-03   48.80998      -1.570788    
 -0.4427578      0.3526701     -4.6000001E-03   49.51474      -1.570788    
 -0.3845242      0.2466275     -0.1500000       49.51474      -1.570788    
 -0.4765379      0.3051542     -4.6000001E-03   49.51474      -1.570788    
 -0.4427578      0.3526701     -4.6000001E-03   49.51474      -1.570788    
 -0.4765379      0.3051542     -4.6000001E-03   41.75108      -1.570788    
 -0.3845242      0.2466275     -0.1500000       41.75108      -1.570788    
 -0.4077095      0.2056613     -0.1500000       41.75108      -1.570788    
 -0.4765379      0.3051542     -4.6000001E-03   41.75108      -1.570788    
 -0.4765379      0.3051542     -4.6000001E-03   41.90067      -1.570788    
 -0.4077095      0.2056613     -0.1500000       41.90067      -1.570788    
 -0.5052533      0.2544169     -4.6000001E-03   41.90067      -1.570788    
 -0.4765379      0.3051542     -4.6000001E-03   41.90067      -1.570788    
 -0.5052533      0.2544169     -4.6000001E-03   34.24971      -1.570789    
 -0.4077095      0.2056613     -0.1500000       34.24971      -1.570789    
 -0.4265597      0.1625283     -0.1500000       34.24971      -1.570789    
 -0.5052533      0.2544169     -4.6000001E-03   34.24971      -1.570789    
 -0.5052533      0.2544169     -4.6000001E-03   33.84307      -1.570788    
 -0.4265597      0.1625283     -0.1500000       33.84307      -1.570788    
 -0.5285996      0.2009959     -4.6000001E-03   33.84307      -1.570788    
 -0.5052533      0.2544169     -4.6000001E-03   33.84307      -1.570788    
 -0.5285996      0.2009959     -4.6000001E-03   26.38646      -1.570789    
 -0.4265597      0.1625283     -0.1500000       26.38646      -1.570789    
 -0.4408751      0.1176857     -0.1500000       26.38646      -1.570789    
 -0.5285996      0.2009959     -4.6000001E-03   26.38646      -1.570789    
 -0.5285996      0.2009959     -4.6000001E-03   25.42664      -1.570789    
 -0.4408751      0.1176857     -0.1500000       25.42664      -1.570789    
 -0.5463294      0.1454575     -4.6000001E-03   25.42664      -1.570789    
 -0.5285996      0.2009959     -4.6000001E-03   25.42664      -1.570789    
 -0.5463294      0.1454575     -4.6000001E-03   18.24602      -1.570790    
 -0.4408751      0.1176857     -0.1500000       18.24602      -1.570790    
 -0.4505038      7.1608797E-02 -0.1500000       18.24602      -1.570790    
 -0.5463294      0.1454575     -4.6000001E-03   18.24602      -1.570790    
 -0.5463294      0.1454575     -4.6000001E-03   16.74090      -1.570790    
 -0.4505038      7.1608797E-02 -0.1500000       16.74090      -1.570790    
 -0.5582547      8.8390604E-02 -4.6000001E-03   16.74090      -1.570790    
 -0.5463294      0.1454575     -4.6000001E-03   16.74090      -1.570790    
 -0.5582547      8.8390604E-02 -4.6000001E-03   9.927410      -1.570793    
 -0.4505038      7.1608797E-02 -0.1500000       9.927410      -1.570793    
 -0.4553438      2.4786100E-02 -0.1500000       9.927410      -1.570793    
 -0.5582547      8.8390604E-02 -4.6000001E-03   9.927410      -1.570793    
 -0.5582547      8.8390604E-02 -4.6000001E-03   7.885347      -1.570794    
 -0.4553438      2.4786100E-02 -0.1500000       7.885347      -1.570794    
 -0.5642492      3.0399900E-02 -4.6000001E-03   7.885347      -1.570794    
 -0.5582547      8.8390604E-02 -4.6000001E-03   7.885347      -1.570794    
 -0.5642492      3.0399900E-02 -4.6000001E-03   2.903048      -1.570807    
 -0.4553438      2.4786100E-02 -0.1500000       2.903048      -1.570807    
 -0.4559500      1.2500000E-03 -0.1500000       2.903048      -1.570807    
 -0.5642492      3.0399900E-02 -4.6000001E-03   2.903048      -1.570807    
 -0.5642492      3.0399900E-02 -4.6000001E-03  6.2890440E-02  -1.571746    
 -0.4559500      1.2500000E-03 -0.1500000      6.2890440E-02  -1.571746    
 -0.5642492     -2.7899800E-02 -4.6000001E-03  6.2890440E-02  -1.571746    
 -0.5642492      3.0399900E-02 -4.6000001E-03  6.2890440E-02  -1.571746    
 -0.4559500      1.2500000E-03 -0.1500000      0.6559174      -1.570869    
 -0.4553438      2.4786100E-02 -0.1500000      0.6559174      -1.570869    
  1.2500000E-03  1.2500000E-03 -0.1500000      0.6559174      -1.570869    
 -0.4559500      1.2500000E-03 -0.1500000      0.6559174      -1.570869    
 -0.4559500      1.2500000E-03 -0.1500000      0.6841992       1.570898    
  1.2500000E-03  1.2500000E-03 -0.1500000      0.6841992       1.570898    
 -0.4553438     -2.2286100E-02 -0.1500000      0.6841992       1.570898    
 -0.4559500      1.2500000E-03 -0.1500000      0.6841992       1.570898    
 -0.4265597     -0.1600282     -0.1500000       7.975852       1.570820    
 -0.4408751     -0.1151856     -0.1500000       7.975852       1.570820    
  1.2500000E-03  1.2500000E-03 -0.1500000       7.975852       1.570820    
 -0.4265597     -0.1600282     -0.1500000       7.975852       1.570820    
  1.2500000E-03  1.2500000E-03 -0.1500000       5.369337       1.570824    
 -0.4408751     -0.1151856     -0.1500000       5.369337       1.570824    
 -0.4505038     -6.9108702E-02 -0.1500000       5.369337       1.570824    
  1.2500000E-03  1.2500000E-03 -0.1500000       5.369337       1.570824    
  1.2500000E-03  1.2500000E-03 -0.1500000       2.704187       1.570835    
 -0.4505038     -6.9108702E-02 -0.1500000       2.704187       1.570835    
 -0.4553438     -2.2286100E-02 -0.1500000       2.704187       1.570835    
  1.2500000E-03  1.2500000E-03 -0.1500000       2.704187       1.570835    
 -0.3572496     -0.2824926     -0.1500000       15.18014       1.570817    
 -0.3845242     -0.2441275     -0.1500000       15.18014       1.570817    
  1.2500000E-03  1.2500000E-03 -0.1500000       15.18014       1.570817    
 -0.3572496     -0.2824926     -0.1500000       15.18014       1.570817    
  1.2500000E-03  1.2500000E-03 -0.1500000       12.90725       1.570817    
 -0.3845242     -0.2441275     -0.1500000       12.90725       1.570817    
 -0.4077095     -0.2031613     -0.1500000       12.90725       1.570817    
  1.2500000E-03  1.2500000E-03 -0.1500000       12.90725       1.570817    
  1.2500000E-03  1.2500000E-03 -0.1500000       10.49733       1.570818    
 -0.4077095     -0.2031613     -0.1500000       10.49733       1.570818    
 -0.4265597     -0.1600282     -0.1500000       10.49733       1.570818    
  1.2500000E-03  1.2500000E-03 -0.1500000       10.49733       1.570818    
 -0.2539790     -0.3780783     -0.1500000       20.94552       1.570816    
 -0.2916292     -0.3498249     -0.1500000       20.94552       1.570816    
  1.2500000E-03  1.2500000E-03 -0.1500000       20.94552       1.570816    
 -0.2539790     -0.3780783     -0.1500000       20.94552       1.570816    
  1.2500000E-03  1.2500000E-03 -0.1500000       19.22065       1.570816    
 -0.2916292     -0.3498249     -0.1500000       19.22065       1.570816    
 -0.3261748     -0.3178501     -0.1500000       19.22065       1.570816    
  1.2500000E-03  1.2500000E-03 -0.1500000       19.22065       1.570816    
  1.2500000E-03  1.2500000E-03 -0.1500000       17.29205       1.570816    
 -0.3261748     -0.3178501     -0.1500000       17.29205       1.570816    
 -0.3572496     -0.2824926     -0.1500000       17.29205       1.570816    
  1.2500000E-03  1.2500000E-03 -0.1500000       17.29205       1.570816    
 -0.1265308     -0.4377305     -0.1500000       24.72652       1.570815    
 -0.1709900     -0.4222653     -0.1500000       24.72652       1.570815    
  1.2500000E-03  1.2500000E-03 -0.1500000       24.72652       1.570815    
 -0.1265308     -0.4377305     -0.1500000       24.72652       1.570815    
  1.2500000E-03  1.2500000E-03 -0.1500000       23.71307       1.570815    
 -0.1709900     -0.4222653     -0.1500000       23.71307       1.570815    
 -0.2136233     -0.4023107     -0.1500000       23.71307       1.570815    
  1.2500000E-03  1.2500000E-03 -0.1500000       23.71307       1.570815    
  1.2500000E-03  1.2500000E-03 -0.1500000       22.44825       1.570816    
 -0.2136233     -0.4023107     -0.1500000       22.44825       1.570816    
 -0.2539790     -0.3780783     -0.1500000       22.44825       1.570816    
  1.2500000E-03  1.2500000E-03 -0.1500000       22.44825       1.570816    
  1.3022000E-02 -0.4557984     -0.1500000       26.16533       1.570815    
 -3.4034599E-02 -0.4545864     -0.1500000       26.16533       1.570815    
  1.2500000E-03  1.2500000E-03 -0.1500000       26.16533       1.570815    
  1.3022000E-02 -0.4557984     -0.1500000       26.16533       1.570815    
  1.2500000E-03  1.2500000E-03 -0.1500000       25.95918       1.570815    
 -3.4034599E-02 -0.4545864     -0.1500000       25.95918       1.570815    
 -8.0717102E-02 -0.4485424     -0.1500000       25.95918       1.570815    
  1.2500000E-03  1.2500000E-03 -0.1500000       25.95918       1.570815    
  1.2500000E-03  1.2500000E-03 -0.1500000       25.47787       1.570815    
 -8.0717102E-02 -0.4485424     -0.1500000       25.47787       1.570815    
 -0.1265308     -0.4377305     -0.1500000       25.47787       1.570815    
  1.2500000E-03  1.2500000E-03 -0.1500000       25.47787       1.570815    
  0.1514596     -0.4305705     -0.1500000       25.12569       1.570815    
  0.1062633     -0.4437265     -0.1500000       25.12569       1.570815    
  1.2500000E-03  1.2500000E-03 -0.1500000       25.12569       1.570815    
  0.1514596     -0.4305705     -0.1500000       25.12569       1.570815    
  1.2500000E-03  1.2500000E-03 -0.1500000       25.74633       1.570815    
  0.1062633     -0.4437265     -0.1500000       25.74633       1.570815    
  5.9953801E-02 -0.4521656     -0.1500000       25.74633       1.570815    
  1.2500000E-03  1.2500000E-03 -0.1500000       25.74633       1.570815    
  1.2500000E-03  1.2500000E-03 -0.1500000       26.09410       1.570815    
  5.9953801E-02 -0.4521656     -0.1500000       26.09410       1.570815    
  1.3022000E-02 -0.4557984     -0.1500000       26.09410       1.570815    
  1.2500000E-03  1.2500000E-03 -0.1500000       26.09410       1.570815    
  0.2756680     -0.3644365     -0.1500000       21.70574       1.570816    
  0.2366133     -0.3907142     -0.1500000       21.70574       1.570816    
  1.2500000E-03  1.2500000E-03 -0.1500000       21.70574       1.570816    
  0.2756680     -0.3644365     -0.1500000       21.70574       1.570816    
  1.2500000E-03  1.2500000E-03 -0.1500000       23.09457       1.570815    
  0.2366133     -0.3907142     -0.1500000       23.09457       1.570815    
  0.1950637     -0.4128371     -0.1500000       23.09457       1.570815    
  1.2500000E-03  1.2500000E-03 -0.1500000       23.09457       1.570815    
  1.2500000E-03  1.2500000E-03 -0.1500000       24.23851       1.570815    
  0.1950637     -0.4128371     -0.1500000       24.23851       1.570815    
  0.1514596     -0.4305705     -0.1500000       24.23851       1.570815    
  1.2500000E-03  1.2500000E-03 -0.1500000       24.23851       1.570815    
  0.3738810     -0.2636613     -0.1500000       16.22981       1.570817    
  0.3446676     -0.3005715     -0.1500000       16.22981       1.570817    
  1.2500000E-03  1.2500000E-03 -0.1500000       16.22981       1.570817    
  0.3738810     -0.2636613     -0.1500000       16.22981       1.570817    
  1.2500000E-03  1.2500000E-03 -0.1500000       18.25509       1.570816    
  0.3446676     -0.3005715     -0.1500000       18.25509       1.570816    
  0.3118138     -0.3342824     -0.1500000       18.25509       1.570816    
  1.2500000E-03  1.2500000E-03 -0.1500000       18.25509       1.570816    
  1.2500000E-03  1.2500000E-03 -0.1500000       20.08686       1.570816    
  0.3118138     -0.3342824     -0.1500000       20.08686       1.570816    
  0.2756680     -0.3644365     -0.1500000       20.08686       1.570816    
  1.2500000E-03  1.2500000E-03 -0.1500000       20.08686       1.570816    
  0.4367950     -0.1377913     -0.1500000       9.216435       1.570819    
  0.4201901     -0.1818375     -0.1500000       9.216435       1.570819    
  1.2500000E-03  1.2500000E-03 -0.1500000       9.216435       1.570819    
  0.4367950     -0.1377913     -0.1500000       9.216435       1.570819    
  1.2500000E-03  1.2500000E-03 -0.1500000       11.68639       1.570818    
  0.4201901     -0.1818375     -0.1500000       11.68639       1.570818    
  0.3991444     -0.2239430     -0.1500000       11.68639       1.570818    
  1.2500000E-03  1.2500000E-03 -0.1500000       11.68639       1.570818    
  1.2500000E-03  1.2500000E-03 -0.1500000       14.03245       1.570817    
  0.3991444     -0.2239430     -0.1500000       14.03245       1.570817    
  0.3738810     -0.2636613     -0.1500000       14.03245       1.570817    
  1.2500000E-03  1.2500000E-03 -0.1500000       14.03245       1.570817    
  0.4584500      1.2500000E-03 -0.1500000       1.330052       1.570858    
  0.4560270     -4.5759700E-02 -0.1500000       1.330052       1.570858    
  1.2500000E-03  1.2500000E-03 -0.1500000       1.330052       1.570858    
  0.4584500      1.2500000E-03 -0.1500000       1.330052       1.570858    
  1.2500000E-03  1.2500000E-03 -0.1500000       4.010697       1.570828    
  0.4560270     -4.5759700E-02 -0.1500000       4.010697       1.570828    
  0.4487830     -9.2271201E-02 -0.1500000       4.010697       1.570828    
  1.2500000E-03  1.2500000E-03 -0.1500000       4.010697       1.570828    
  1.2500000E-03  1.2500000E-03 -0.1500000       6.648796       1.570822    
  0.4487830     -9.2271201E-02 -0.1500000       6.648796       1.570822    
  0.4367950     -0.1377913     -0.1500000       6.648796       1.570822    
  1.2500000E-03  1.2500000E-03 -0.1500000       6.648796       1.570822    
  0.4367950      0.1402913     -0.1500000       6.682272      -1.570789    
  0.4487830      9.4771199E-02 -0.1500000       6.682272      -1.570789    
  1.2500000E-03  1.2500000E-03 -0.1500000       6.682272      -1.570789    
  0.4367950      0.1402913     -0.1500000       6.682272      -1.570789    
  1.2500000E-03  1.2500000E-03 -0.1500000       4.044911      -1.570794    
  0.4487830      9.4771199E-02 -0.1500000       4.044911      -1.570794    
  0.4560270      4.8259798E-02 -0.1500000       4.044911      -1.570794    
  1.2500000E-03  1.2500000E-03 -0.1500000       4.044911      -1.570794    
  1.2500000E-03  1.2500000E-03 -0.1500000       1.364660      -1.570824    
  0.4560270      4.8259798E-02 -0.1500000       1.364660      -1.570824    
  0.4584500      1.2500000E-03 -0.1500000       1.364660      -1.570824    
  1.2500000E-03  1.2500000E-03 -0.1500000       1.364660      -1.570824    
  0.3738810      0.2661614     -0.1500000       14.06159      -1.570784    
  0.3991444      0.2264430     -0.1500000       14.06159      -1.570784    
  1.2500000E-03  1.2500000E-03 -0.1500000       14.06159      -1.570784    
  0.3738810      0.2661614     -0.1500000       14.06159      -1.570784    
  1.2500000E-03  1.2500000E-03 -0.1500000       11.71729      -1.570785    
  0.3991444      0.2264430     -0.1500000       11.71729      -1.570785    
  0.4201901      0.1843376     -0.1500000       11.71729      -1.570785    
  1.2500000E-03  1.2500000E-03 -0.1500000       11.71729      -1.570785    
  1.2500000E-03  1.2500000E-03 -0.1500000       9.248806      -1.570786    
  0.4201901      0.1843376     -0.1500000       9.248806      -1.570786    
  0.4367950      0.1402913     -0.1500000       9.248806      -1.570786    
  1.2500000E-03  1.2500000E-03 -0.1500000       9.248806      -1.570786    
  0.2756680      0.3669365     -0.1500000       20.10881      -1.570783    
  0.3118138      0.3367824     -0.1500000       20.10881      -1.570783    
  1.2500000E-03  1.2500000E-03 -0.1500000       20.10881      -1.570783    
  0.2756680      0.3669365     -0.1500000       20.10881      -1.570783    
  1.2500000E-03  1.2500000E-03 -0.1500000       18.27969      -1.570783    
  0.3118138      0.3367824     -0.1500000       18.27969      -1.570783    
  0.3446676      0.3030716     -0.1500000       18.27969      -1.570783    
  1.2500000E-03  1.2500000E-03 -0.1500000       18.27969      -1.570783    
  1.2500000E-03  1.2500000E-03 -0.1500000       16.25679      -1.570783    
  0.3446676      0.3030716     -0.1500000       16.25679      -1.570783    
  0.3738810      0.2661614     -0.1500000       16.25679      -1.570783    
  1.2500000E-03  1.2500000E-03 -0.1500000       16.25679      -1.570783    
  0.1514596      0.4330705     -0.1500000       24.25098      -1.570782    
  0.1950637      0.4153371     -0.1500000       24.25098      -1.570782    
  1.2500000E-03  1.2500000E-03 -0.1500000       24.25098      -1.570782    
  0.1514596      0.4330705     -0.1500000       24.25098      -1.570782    
  1.2500000E-03  1.2500000E-03 -0.1500000       23.11039      -1.570782    
  0.1950637      0.4153371     -0.1500000       23.11039      -1.570782    
  0.2366133      0.3932143     -0.1500000       23.11039      -1.570782    
  1.2500000E-03  1.2500000E-03 -0.1500000       23.11039      -1.570782    
  1.2500000E-03  1.2500000E-03 -0.1500000       21.72477      -1.570782    
  0.2366133      0.3932143     -0.1500000       21.72477      -1.570782    
  0.2756680      0.3669365     -0.1500000       21.72477      -1.570782    
  1.2500000E-03  1.2500000E-03 -0.1500000       21.72477      -1.570782    
  1.3022000E-02  0.4582980     -0.1500000       26.09609      -1.570782    
  5.9953801E-02  0.4546660     -0.1500000       26.09609      -1.570782    
  1.2500000E-03  1.2500000E-03 -0.1500000       26.09609      -1.570782    
  1.3022000E-02  0.4582980     -0.1500000       26.09609      -1.570782    
  1.2500000E-03  1.2500000E-03 -0.1500000       25.75182      -1.570782    
  5.9953801E-02  0.4546660     -0.1500000       25.75182      -1.570782    
  0.1062633      0.4462270     -0.1500000       25.75182      -1.570782    
  1.2500000E-03  1.2500000E-03 -0.1500000       25.75182      -1.570782    
  1.2500000E-03  1.2500000E-03 -0.1500000       25.13456      -1.570782    
  0.1062633      0.4462270     -0.1500000       25.13456      -1.570782    
  0.1514596      0.4330705     -0.1500000       25.13456      -1.570782    
  1.2500000E-03  1.2500000E-03 -0.1500000       25.13456      -1.570782    
 -0.1265308      0.4402310     -0.1500000       25.46910      -1.570782    
 -8.0717102E-02  0.4510420     -0.1500000       25.46910      -1.570782    
  1.2500000E-03  1.2500000E-03 -0.1500000       25.46910      -1.570782    
 -0.1265308      0.4402310     -0.1500000       25.46910      -1.570782    
  1.2500000E-03  1.2500000E-03 -0.1500000       25.95394      -1.570782    
 -8.0717102E-02  0.4510420     -0.1500000       25.95394      -1.570782    
 -3.4034599E-02  0.4570860     -0.1500000       25.95394      -1.570782    
  1.2500000E-03  1.2500000E-03 -0.1500000       25.95394      -1.570782    
  1.2500000E-03  1.2500000E-03 -0.1500000       26.16366      -1.570782    
 -3.4034599E-02  0.4570860     -0.1500000       26.16366      -1.570782    
  1.3022000E-02  0.4582980     -0.1500000       26.16366      -1.570782    
  1.2500000E-03  1.2500000E-03 -0.1500000       26.16366      -1.570782    
 -0.2539790      0.3805784     -0.1500000       22.42931      -1.570782    
 -0.2136233      0.4048108     -0.1500000       22.42931      -1.570782    
  1.2500000E-03  1.2500000E-03 -0.1500000       22.42931      -1.570782    
 -0.2539790      0.3805784     -0.1500000       22.42931      -1.570782    
  1.2500000E-03  1.2500000E-03 -0.1500000       23.69738      -1.570782    
 -0.2136233      0.4048108     -0.1500000       23.69738      -1.570782    
 -0.1709900      0.4247653     -0.1500000       23.69738      -1.570782    
  1.2500000E-03  1.2500000E-03 -0.1500000       23.69738      -1.570782    
  1.2500000E-03  1.2500000E-03 -0.1500000       24.71427      -1.570782    
 -0.1709900      0.4247653     -0.1500000       24.71427      -1.570782    
 -0.1265308      0.4402310     -0.1500000       24.71427      -1.570782    
  1.2500000E-03  1.2500000E-03 -0.1500000       24.71427      -1.570782    
 -0.3572496      0.2849927     -0.1500000       17.26500      -1.570783    
 -0.3261748      0.3203501     -0.1500000       17.26500      -1.570783    
  1.2500000E-03  1.2500000E-03 -0.1500000       17.26500      -1.570783    
 -0.3572496      0.2849927     -0.1500000       17.26500      -1.570783    
  1.2500000E-03  1.2500000E-03 -0.1500000       19.19600      -1.570783    
 -0.3261748      0.3203501     -0.1500000       19.19600      -1.570783    
 -0.2916292      0.3523250     -0.1500000       19.19600      -1.570783    
  1.2500000E-03  1.2500000E-03 -0.1500000       19.19600      -1.570783    
  1.2500000E-03  1.2500000E-03 -0.1500000       20.92351      -1.570783    
 -0.2916292      0.3523250     -0.1500000       20.92351      -1.570783    
 -0.2539790      0.3805784     -0.1500000       20.92351      -1.570783    
  1.2500000E-03  1.2500000E-03 -0.1500000       20.92351      -1.570783    
 -0.4265597      0.1625283     -0.1500000       10.46526      -1.570785    
 -0.4077095      0.2056613     -0.1500000       10.46526      -1.570785    
  1.2500000E-03  1.2500000E-03 -0.1500000       10.46526      -1.570785    
 -0.4265597      0.1625283     -0.1500000       10.46526      -1.570785    
  1.2500000E-03  1.2500000E-03 -0.1500000       12.87637      -1.570784    
 -0.4077095      0.2056613     -0.1500000       12.87637      -1.570784    
 -0.3845242      0.2466275     -0.1500000       12.87637      -1.570784    
  1.2500000E-03  1.2500000E-03 -0.1500000       12.87637      -1.570784    
  1.2500000E-03  1.2500000E-03 -0.1500000       15.15096      -1.570784    
 -0.3845242      0.2466275     -0.1500000       15.15096      -1.570784    
 -0.3572496      0.2849927     -0.1500000       15.15096      -1.570784    
  1.2500000E-03  1.2500000E-03 -0.1500000       15.15096      -1.570784    
 -0.4553438      2.4786100E-02 -0.1500000       2.670692      -1.570801    
 -0.4505038      7.1608797E-02 -0.1500000       2.670692      -1.570801    
  1.2500000E-03  1.2500000E-03 -0.1500000       2.670692      -1.570801    
 -0.4553438      2.4786100E-02 -0.1500000       2.670692      -1.570801    
  1.2500000E-03  1.2500000E-03 -0.1500000       5.335938      -1.570791    
 -0.4505038      7.1608797E-02 -0.1500000       5.335938      -1.570791    
 -0.4408751      0.1176857     -0.1500000       5.335938      -1.570791    
  1.2500000E-03  1.2500000E-03 -0.1500000       5.335938      -1.570791    
  1.2500000E-03  1.2500000E-03 -0.1500000       7.942943      -1.570787    
 -0.4408751      0.1176857     -0.1500000       7.942943      -1.570787    
 -0.4265597      0.1625283     -0.1500000       7.942943      -1.570787    
  1.2500000E-03  1.2500000E-03 -0.1500000       7.942943      -1.570787    
  0.5675000      1.2500000E-03 -4.6000001E-03   2.681582      -1.570808    
  0.5644990      5.9472401E-02 -4.6000001E-03   2.681582      -1.570808    
  1.2500000E-03  1.2500000E-03 -4.6000001E-03   2.681582      -1.570808    
  0.5675000      1.2500000E-03 -4.6000001E-03   2.681582      -1.570808    
  0.5406800     -0.1709550     -4.6000001E-03   12.68973       1.570812    
  0.5555270     -0.1145776     -4.6000001E-03   12.68973       1.570812    
  1.2500000E-03  1.2500000E-03 -4.6000001E-03   12.68973       1.570812    
  0.5406800     -0.1709550     -4.6000001E-03   12.68973       1.570812    
  1.2500000E-03  1.2500000E-03 -4.6000001E-03   7.628667       1.570816    
  0.5555270     -0.1145776     -4.6000001E-03   7.628667       1.570816    
  0.5644990     -5.6972399E-02 -4.6000001E-03   7.628667       1.570816    
  1.2500000E-03  1.2500000E-03 -4.6000001E-03   7.628667       1.570816    
  1.2500000E-03  1.2500000E-03 -4.6000001E-03   2.486720       1.570832    
  0.5644990     -5.6972399E-02 -4.6000001E-03   2.486720       1.570832    
  0.5675000      1.2500000E-03 -4.6000001E-03   2.486720       1.570832    
  1.2500000E-03  1.2500000E-03 -4.6000001E-03   2.486720       1.570832    
  0.4627600     -0.3268472     -4.6000001E-03   26.85900       1.570810    
  0.4940490     -0.2776553     -4.6000001E-03   26.85900       1.570810    
  1.2500000E-03  1.2500000E-03 -4.6000001E-03   26.85900       1.570810    
  0.4627600     -0.3268472     -4.6000001E-03   26.85900       1.570810    
  1.2500000E-03  1.2500000E-03 -4.6000001E-03   22.35613       1.570810    
  0.4940490     -0.2776553     -4.6000001E-03   22.35613       1.570810    
  0.5201140     -0.2255070     -4.6000001E-03   22.35613       1.570810    
  1.2500000E-03  1.2500000E-03 -4.6000001E-03   22.35613       1.570810    
  1.2500000E-03  1.2500000E-03 -4.6000001E-03   17.61629       1.570811    
  0.5201140     -0.2255070     -4.6000001E-03   17.61629       1.570811    
  0.5406800     -0.1709550     -4.6000001E-03   17.61629       1.570811    
  1.2500000E-03  1.2500000E-03 -4.6000001E-03   17.61629       1.570811    
  0.3411214     -0.4516589     -4.6000001E-03   38.48397       1.570809    
  0.3858885     -0.4143126     -4.6000001E-03   38.48397       1.570809    
  1.2500000E-03  1.2500000E-03 -4.6000001E-03   38.48397       1.570809    
  0.3411214     -0.4516589     -4.6000001E-03   38.48397       1.570809    
  1.2500000E-03  1.2500000E-03 -4.6000001E-03   34.96590       1.570809    
  0.3858885     -0.4143126     -4.6000001E-03   34.96590       1.570809    
  0.4265785     -0.3725611     -4.6000001E-03   34.96590       1.570809    
  1.2500000E-03  1.2500000E-03 -4.6000001E-03   34.96590       1.570809    
  1.2500000E-03  1.2500000E-03 -4.6000001E-03   31.07715       1.570810    
  0.4265785     -0.3725611     -4.6000001E-03   31.07715       1.570810    
  0.4627600     -0.3268472     -4.6000001E-03   31.07715       1.570810    
  1.2500000E-03  1.2500000E-03 -4.6000001E-03   31.07715       1.570810    
  0.1872871     -0.5335670     -4.6000001E-03   46.46350       1.570809    
  0.2412916     -0.5116039     -4.6000001E-03   46.46350       1.570809    
  1.2500000E-03  1.2500000E-03 -4.6000001E-03   46.46350       1.570809    
  0.1872871     -0.5335670     -4.6000001E-03   46.46350       1.570809    
  1.2500000E-03  1.2500000E-03 -4.6000001E-03   44.26335       1.570809    
  0.2412916     -0.5116039     -4.6000001E-03   44.26335       1.570809    
  0.2927515     -0.4842044     -4.6000001E-03   44.26335       1.570809    
  1.2500000E-03  1.2500000E-03 -4.6000001E-03   44.26335       1.570809    
  1.2500000E-03  1.2500000E-03 -4.6000001E-03   41.59409       1.570809    
  0.2927515     -0.4842044     -4.6000001E-03   41.59409       1.570809    
  0.3411214     -0.4516589     -4.6000001E-03   41.59409       1.570809    
  1.2500000E-03  1.2500000E-03 -4.6000001E-03   41.59409       1.570809    
  1.5829800E-02 -0.5648122     -4.6000001E-03   50.04158       1.570809    
  7.3955603E-02 -0.5603129     -4.6000001E-03   50.04158       1.570809    
  1.2500000E-03  1.2500000E-03 -4.6000001E-03   50.04158       1.570809    
  1.5829800E-02 -0.5648122     -4.6000001E-03   50.04158       1.570809    
  1.2500000E-03  1.2500000E-03 -4.6000001E-03   49.36788       1.570809    
  7.3955603E-02 -0.5603129     -4.6000001E-03   49.36788       1.570809    
  0.1313107     -0.5498609     -4.6000001E-03   49.36788       1.570809    
  1.2500000E-03  1.2500000E-03 -4.6000001E-03   49.36788       1.570809    
  1.2500000E-03  1.2500000E-03 -4.6000001E-03   48.17101       1.570809    
  0.1313107     -0.5498609     -4.6000001E-03   48.17101       1.570809    
  0.1872871     -0.5335670     -4.6000001E-03   48.17101       1.570809    
  1.2500000E-03  1.2500000E-03 -4.6000001E-03   48.17101       1.570809    
 -0.1570087     -0.5424348     -4.6000001E-03   48.87933       1.570809    
 -0.1002677     -0.5558256     -4.6000001E-03   48.87933       1.570809    
  1.2500000E-03  1.2500000E-03 -4.6000001E-03   48.87933       1.570809    
 -0.1570087     -0.5424348     -4.6000001E-03   48.87933       1.570809    
  1.2500000E-03  1.2500000E-03 -4.6000001E-03   49.79590       1.570809    
 -0.1002677     -0.5558256     -4.6000001E-03   49.79590       1.570809    
 -4.2450599E-02 -0.5633112     -4.6000001E-03   49.79590       1.570809    
  1.2500000E-03  1.2500000E-03 -4.6000001E-03   49.79590       1.570809    
  1.2500000E-03  1.2500000E-03 -4.6000001E-03   50.18467       1.570809    
 -4.2450599E-02 -0.5633112     -4.6000001E-03   50.18467       1.570809    
  1.5829800E-02 -0.5648122     -4.6000001E-03   50.18467       1.570809    
  1.2500000E-03  1.2500000E-03 -4.6000001E-03   50.18467       1.570809    
 -0.3148555     -0.4685546     -4.6000001E-03   43.08707       1.570809    
 -0.2648743     -0.4985668     -4.6000001E-03   43.08707       1.570809    
  1.2500000E-03  1.2500000E-03 -4.6000001E-03   43.08707       1.570809    
 -0.3148555     -0.4685546     -4.6000001E-03   43.08707       1.570809    
  1.2500000E-03  1.2500000E-03 -4.6000001E-03   45.50713       1.570809    
 -0.2648743     -0.4985668     -4.6000001E-03   45.50713       1.570809    
 -0.2120721     -0.5232809     -4.6000001E-03   45.50713       1.570809    
  1.2500000E-03  1.2500000E-03 -4.6000001E-03   45.50713       1.570809    
  1.2500000E-03  1.2500000E-03 -4.6000001E-03   47.44465       1.570809    
 -0.2120721     -0.5232809     -4.6000001E-03   47.44465       1.570809    
 -0.1570087     -0.5424348     -4.6000001E-03   47.44465       1.570809    
  1.2500000E-03  1.2500000E-03 -4.6000001E-03   47.44465       1.570809    
 -0.4427578     -0.3501701     -4.6000001E-03   33.21352       1.570810    
 -0.4042712     -0.3939609     -4.6000001E-03   33.21352       1.570810    
  1.2500000E-03  1.2500000E-03 -4.6000001E-03   33.21352       1.570810    
 -0.4427578     -0.3501701     -4.6000001E-03   33.21352       1.570810    
  1.2500000E-03  1.2500000E-03 -4.6000001E-03   36.90742       1.570809    
 -0.4042712     -0.3939609     -4.6000001E-03   36.90742       1.570809    
 -0.3614859     -0.4335623     -4.6000001E-03   36.90742       1.570809    
  1.2500000E-03  1.2500000E-03 -4.6000001E-03   36.90742       1.570809    
  1.2500000E-03  1.2500000E-03 -4.6000001E-03   40.21036       1.570809    
 -0.3614859     -0.4335623     -4.6000001E-03   40.21036       1.570809    
 -0.3148555     -0.4685546     -4.6000001E-03   40.21036       1.570809    
  1.2500000E-03  1.2500000E-03 -4.6000001E-03   40.21036       1.570809    
 -0.5285996     -0.1984958     -4.6000001E-03   20.19457       1.570811    
 -0.5052533     -0.2519168     -4.6000001E-03   20.19457       1.570811    
  1.2500000E-03  1.2500000E-03 -4.6000001E-03   20.19457       1.570811    
 -0.5285996     -0.1984958     -4.6000001E-03   20.19457       1.570811    
  1.2500000E-03  1.2500000E-03 -4.6000001E-03   24.81291       1.570810    
 -0.5052533     -0.2519168     -4.6000001E-03   24.81291       1.570810    
 -0.4765379     -0.3026542     -4.6000001E-03   24.81291       1.570810    
  1.2500000E-03  1.2500000E-03 -4.6000001E-03   24.81291       1.570810    
  1.2500000E-03  1.2500000E-03 -4.6000001E-03   29.16781       1.570810    
 -0.4765379     -0.3026542     -4.6000001E-03   29.16781       1.570810    
 -0.4427578     -0.3501701     -4.6000001E-03   29.16781       1.570810    
  1.2500000E-03  1.2500000E-03 -4.6000001E-03   29.16781       1.570810    
 -0.5642492     -2.7899800E-02 -4.6000001E-03   5.262372       1.570819    
 -0.5582547     -8.5890502E-02 -4.6000001E-03   5.262372       1.570819    
  1.2500000E-03  1.2500000E-03 -4.6000001E-03   5.262372       1.570819    
 -0.5642492     -2.7899800E-02 -4.6000001E-03   5.262372       1.570819    
  1.2500000E-03  1.2500000E-03 -4.6000001E-03   10.36864       1.570814    
 -0.5582547     -8.5890502E-02 -4.6000001E-03   10.36864       1.570814    
 -0.5463294     -0.1429575     -4.6000001E-03   10.36864       1.570814    
  1.2500000E-03  1.2500000E-03 -4.6000001E-03   10.36864       1.570814    
  1.2500000E-03  1.2500000E-03 -4.6000001E-03   15.36309       1.570812    
 -0.5463294     -0.1429575     -4.6000001E-03   15.36309       1.570812    
 -0.5285996     -0.1984958     -4.6000001E-03   15.36309       1.570812    
  1.2500000E-03  1.2500000E-03 -4.6000001E-03   15.36309       1.570812    
 -0.5463294      0.1454575     -4.6000001E-03   10.17389      -1.570791    
 -0.5582547      8.8390604E-02 -4.6000001E-03   10.17389      -1.570791    
  1.2500000E-03  1.2500000E-03 -4.6000001E-03   10.17389      -1.570791    
 -0.5463294      0.1454575     -4.6000001E-03   10.17389      -1.570791    
  1.2500000E-03  1.2500000E-03 -4.6000001E-03   5.064693      -1.570796    
 -0.5582547      8.8390604E-02 -4.6000001E-03   5.064693      -1.570796    
 -0.5642492      3.0399900E-02 -4.6000001E-03   5.064693      -1.570796    
  1.2500000E-03  1.2500000E-03 -4.6000001E-03   5.064693      -1.570796    
  1.2500000E-03  1.2500000E-03 -4.6000001E-03  9.9383339E-02   1.571400    
 -0.5642492      3.0399900E-02 -4.6000001E-03  9.9383339E-02   1.571400    
 -0.5642492     -2.7899800E-02 -4.6000001E-03  9.9383339E-02   1.571400    
  1.2500000E-03  1.2500000E-03 -4.6000001E-03  9.9383339E-02   1.571400    
 -0.4765379      0.3051542     -4.6000001E-03   24.64021      -1.570787    
 -0.5052533      0.2544169     -4.6000001E-03   24.64021      -1.570787    
  1.2500000E-03  1.2500000E-03 -4.6000001E-03   24.64021      -1.570787    
 -0.4765379      0.3051542     -4.6000001E-03   24.64021      -1.570787    
  1.2500000E-03  1.2500000E-03 -4.6000001E-03   20.01413      -1.570788    
 -0.5052533      0.2544169     -4.6000001E-03   20.01413      -1.570788    
 -0.5285996      0.2009959     -4.6000001E-03   20.01413      -1.570788    
  1.2500000E-03  1.2500000E-03 -4.6000001E-03   20.01413      -1.570788    
  1.2500000E-03  1.2500000E-03 -4.6000001E-03   15.17507      -1.570789    
 -0.5285996      0.2009959     -4.6000001E-03   15.17507      -1.570789    
 -0.5463294      0.1454575     -4.6000001E-03   15.17507      -1.570789    
  1.2500000E-03  1.2500000E-03 -4.6000001E-03   15.17507      -1.570789    
 -0.3614859      0.4360620     -4.6000001E-03   36.77338      -1.570786    
 -0.4042712      0.3964609     -4.6000001E-03   36.77338      -1.570786    
  1.2500000E-03  1.2500000E-03 -4.6000001E-03   36.77338      -1.570786    
 -0.3614859      0.4360620     -4.6000001E-03   36.77338      -1.570786    
  1.2500000E-03  1.2500000E-03 -4.6000001E-03   33.06567      -1.570787    
 -0.4042712      0.3964609     -4.6000001E-03   33.06567      -1.570787    
 -0.4427578      0.3526701     -4.6000001E-03   33.06567      -1.570787    
  1.2500000E-03  1.2500000E-03 -4.6000001E-03   33.06567      -1.570787    
  1.2500000E-03  1.2500000E-03 -4.6000001E-03   29.00716      -1.570787    
 -0.4427578      0.3526701     -4.6000001E-03   29.00716      -1.570787    
 -0.4765379      0.3051542     -4.6000001E-03   29.00716      -1.570787    
  1.2500000E-03  1.2500000E-03 -4.6000001E-03   29.00716      -1.570787    
 -0.2120721      0.5257810     -4.6000001E-03   45.42330      -1.570786    
 -0.2648743      0.5010670     -4.6000001E-03   45.42330      -1.570786    
  1.2500000E-03  1.2500000E-03 -4.6000001E-03   45.42330      -1.570786    
 -0.2120721      0.5257810     -4.6000001E-03   45.42330      -1.570786    
  1.2500000E-03  1.2500000E-03 -4.6000001E-03   42.98537      -1.570786    
 -0.2648743      0.5010670     -4.6000001E-03   42.98537      -1.570786    
 -0.3148555      0.4710550     -4.6000001E-03   42.98537      -1.570786    
  1.2500000E-03  1.2500000E-03 -4.6000001E-03   42.98537      -1.570786    
  1.2500000E-03  1.2500000E-03 -4.6000001E-03   40.09108      -1.570786    
 -0.3148555      0.4710550     -4.6000001E-03   40.09108      -1.570786    
 -0.3614859      0.4360620     -4.6000001E-03   40.09108      -1.570786    
  1.2500000E-03  1.2500000E-03 -4.6000001E-03   40.09108      -1.570786    
 -4.2450599E-02  0.5658110     -4.6000001E-03   49.76991      -1.570786    
 -0.1002677      0.5583260     -4.6000001E-03   49.76991      -1.570786    
  1.2500000E-03  1.2500000E-03 -4.6000001E-03   49.76991      -1.570786    
 -4.2450599E-02  0.5658110     -4.6000001E-03   49.76991      -1.570786    
  1.2500000E-03  1.2500000E-03 -4.6000001E-03   48.83366      -1.570786    
 -0.1002677      0.5583260     -4.6000001E-03   48.83366      -1.570786    
 -0.1570087      0.5449350     -4.6000001E-03   48.83366      -1.570786    
  1.2500000E-03  1.2500000E-03 -4.6000001E-03   48.83366      -1.570786    
  1.2500000E-03  1.2500000E-03 -4.6000001E-03   47.37959      -1.570786    
 -0.1570087      0.5449350     -4.6000001E-03   47.37959      -1.570786    
 -0.2120721      0.5257810     -4.6000001E-03   47.37959      -1.570786    
  1.2500000E-03  1.2500000E-03 -4.6000001E-03   47.37959      -1.570786    
  0.1313107      0.5523610     -4.6000001E-03   49.40194      -1.570786    
  7.3955603E-02  0.5628130     -4.6000001E-03   49.40194      -1.570786    
  1.2500000E-03  1.2500000E-03 -4.6000001E-03   49.40194      -1.570786    
  0.1313107      0.5523610     -4.6000001E-03   49.40194      -1.570786    
  1.2500000E-03  1.2500000E-03 -4.6000001E-03   50.05540      -1.570786    
  7.3955603E-02  0.5628130     -4.6000001E-03   50.05540      -1.570786    
  1.5829800E-02  0.5673120     -4.6000001E-03   50.05540      -1.570786    
  1.2500000E-03  1.2500000E-03 -4.6000001E-03   50.05540      -1.570786    
  1.2500000E-03  1.2500000E-03 -4.6000001E-03   50.17860      -1.570786    
  1.5829800E-02  0.5673120     -4.6000001E-03   50.17860      -1.570786    
 -4.2450599E-02  0.5658110     -4.6000001E-03   50.17860      -1.570786    
  1.2500000E-03  1.2500000E-03 -4.6000001E-03   50.17860      -1.570786    
  0.2927515      0.4867040     -4.6000001E-03   44.35472      -1.570786    
  0.2412916      0.5141040     -4.6000001E-03   44.35472      -1.570786    
  1.2500000E-03  1.2500000E-03 -4.6000001E-03   44.35472      -1.570786    
  0.2927515      0.4867040     -4.6000001E-03   44.35472      -1.570786    
  1.2500000E-03  1.2500000E-03 -4.6000001E-03   46.53652      -1.570786    
  0.2412916      0.5141040     -4.6000001E-03   46.53652      -1.570786    
  0.1872871      0.5360670     -4.6000001E-03   46.53652      -1.570786    
  1.2500000E-03  1.2500000E-03 -4.6000001E-03   46.53652      -1.570786    
  1.2500000E-03  1.2500000E-03 -4.6000001E-03   48.22497      -1.570786    
  0.1872871      0.5360670     -4.6000001E-03   48.22497      -1.570786    
  0.1313107      0.5523610     -4.6000001E-03   48.22497      -1.570786    
  1.2500000E-03  1.2500000E-03 -4.6000001E-03   48.22497      -1.570786    
  0.4265785      0.3750612     -4.6000001E-03   35.10542      -1.570787    
  0.3858885      0.4168126     -4.6000001E-03   35.10542      -1.570787    
  1.2500000E-03  1.2500000E-03 -4.6000001E-03   35.10542      -1.570787    
  0.4265785      0.3750612     -4.6000001E-03   35.10542      -1.570787    
  1.2500000E-03  1.2500000E-03 -4.6000001E-03   38.60873      -1.570786    
  0.3858885      0.4168126     -4.6000001E-03   38.60873      -1.570786    
  0.3411214      0.4541590     -4.6000001E-03   38.60873      -1.570786    
  1.2500000E-03  1.2500000E-03 -4.6000001E-03   38.60873      -1.570786    
  1.2500000E-03  1.2500000E-03 -4.6000001E-03   41.70274      -1.570786    
  0.3411214      0.4541590     -4.6000001E-03   41.70274      -1.570786    
  0.2927515      0.4867040     -4.6000001E-03   41.70274      -1.570786    
  1.2500000E-03  1.2500000E-03 -4.6000001E-03   41.70274      -1.570786    
  0.5201140      0.2280070     -4.6000001E-03   22.53061      -1.570788    
  0.4940490      0.2801554     -4.6000001E-03   22.53061      -1.570788    
  1.2500000E-03  1.2500000E-03 -4.6000001E-03   22.53061      -1.570788    
  0.5201140      0.2280070     -4.6000001E-03   22.53061      -1.570788    
  1.2500000E-03  1.2500000E-03 -4.6000001E-03   27.02356      -1.570787    
  0.4940490      0.2801554     -4.6000001E-03   27.02356      -1.570787    
  0.4627600      0.3293472     -4.6000001E-03   27.02356      -1.570787    
  1.2500000E-03  1.2500000E-03 -4.6000001E-03   27.02356      -1.570787    
  1.2500000E-03  1.2500000E-03 -4.6000001E-03   31.23002      -1.570787    
  0.4627600      0.3293472     -4.6000001E-03   31.23002      -1.570787    
  0.4265785      0.3750612     -4.6000001E-03   31.23002      -1.570787    
  1.2500000E-03  1.2500000E-03 -4.6000001E-03   31.23002      -1.570787    
  0.5644990      5.9472401E-02 -4.6000001E-03   7.821467      -1.570793    
  0.5555270      0.1170776     -4.6000001E-03   7.821467      -1.570793    
  1.2500000E-03  1.2500000E-03 -4.6000001E-03   7.821467      -1.570793    
  0.5644990      5.9472401E-02 -4.6000001E-03   7.821467      -1.570793    
  1.2500000E-03  1.2500000E-03 -4.6000001E-03   12.87839      -1.570790    
  0.5555270      0.1170776     -4.6000001E-03   12.87839      -1.570790    
  0.5406800      0.1734551     -4.6000001E-03   12.87839      -1.570790    
  1.2500000E-03  1.2500000E-03 -4.6000001E-03   12.87839      -1.570790    
  1.2500000E-03  1.2500000E-03 -4.6000001E-03   17.79884      -1.570788    
  0.5406800      0.1734551     -4.6000001E-03   17.79884      -1.570788    
  0.5201140      0.2280070     -4.6000001E-03   17.79884      -1.570788    
  1.2500000E-03  1.2500000E-03 -4.6000001E-03   17.79884      -1.570788    
           1           2           3           4
           5           6           7           8
           9          10          11          12
          13          14          15          16
          17          18          19          20
          21          22          23          24
          25          26          27          28
          29          30          31          32
          33          34          35          36
          37          38          39          40
          41          42          43          44
          45          46          47          48
          49          50          51          52
          53          54          55          56
          57          58          59          60
          61          62          63          64
          65          66          67          68
          69          70          71          72
          73          74          75          76
          77          78          79          80
          81          82          83          84
          85          86          87          88
          89          90          91          92
          93          94          95          96
          97          98          99         100
         101         102         103         104
         105         106         107         108
         109         110         111         112
         113         114         115         116
         117         118         119         120
         121         122         123         124
         125         126         127         128
         129         130         131         132
         133         134         135         136
         137         138         139         140
         141         142         143         144
         145         146         147         148
         149         150         151         152
         153         154         155         156
         157         158         159         160
         161         162         163         164
         165         166         167         168
         169         170         171         172
         173         174         175         176
         177         178         179         180
         181         182         183         184
         185         186         187         188
         189         190         191         192
         193         194         195         196
         197         198         199         200
         201         202         203         204
         205         206         207         208
         209         210         211         212
         213         214         215         216
         217         218         219         220
         221         222         223         224
         225         226         227         228
         229         230         231         232
         233         234         235         236
         237         238         239         240
         241         242         243         244
         245         246         247         248
         249         250         251         252
         253         254         255         256
         257         258         259         260
         261         262         263         264
         265         266         267         268
         269         270         271         272
         273         274         275         276
         277         278         279         280
         281         282         283         284
         285         286         287         288
         289         290         291         292
         293         294         295         296
         297         298         299         300
         301         302         303         304
         305         306         307         308
         309         310         311         312
         313         314         315         316
         317         318         319         320
         321         322         323         324
         325         326         327         328
         329         330         331         332
         333         334         335         336
         337         338         339         340
         341         342         343         344
         345         346         347         348
         349         350         351         352
         353         354         355         356
         357         358         359         360
         361         362         363         364
         365         366         367         368
         369         370         371         372
         373         374         375         376
         377         378         379         380
         381         382         383         384
         385         386         387         388
         389         390         391         392
         393         394         395         396
         397         398         399         400
         401         402         403         404
         405         406         407         408
         409         410         411         412
         413         414         415         416
         417         418         419         420
         421         422         423         424
         425         426         427         428
         429         430         431         432
         433         434         435         436
         437         438         439         440
         441         442         443         444
         445         446         447         448
         449         450         451         452
         453         454         455         456
         457         458         459         460
         461         462         463         464
         465         466         467         468
         469         470         471         472
         473         474         475         476
         477         478         479         480
         481         482         483         484
         485         486         487         488
         489         490         491         492
         493         494         495         496
         497         498         499         500
         501         502         503         504
         505         506         507         508
         509         510         511         512
         513         514         515         516
         517         518         519         520
         521         522         523         524
         525         526         527         528
         529         530         531         532
         533         534         535         536
         537         538         539         540
         541         542         543         544
         545         546         547         548
         549         550         551         552
         553         554         555         556
         557         558         559         560
         561         562         563         564
         565         566         567         568
         569         570         571         572
         573         574         575         576
         577         578         579         580
         581         582         583         584
         585         586         587         588
         589         590         591         592
         593         594         595         596
         597         598         599         600
         601         602         603         604
         605         606         607         608
         609         610         611         612
         613         614         615         616
         617         618         619         620
         621         622         623         624
         625         626         627         628
         629         630         631         632
         633         634         635         636
         637         638         639         640
         641         642         643         644
         645         646         647         648
         649         650         651         652
         653         654         655         656
         657         658         659         660
         661         662         663         664
         665         666         667         668
         669         670         671         672
         673         674         675         676
         677         678         679         680
         681         682         683         684
         685         686         687         688
         689         690         691         692
         693         694         695         696
         697         698         699         700
         701         702         703         704
         705         706         707         708
         709         710         711         712
         713         714         715         716
         717         718         719         720
         721         722         723         724
         725         726         727         728
         729         730         731         732
         733         734         735         736
         737         738         739         740
         741         742         743         744
         745         746         747         748
         749         750         751         752
         753         754         755         756
         757         758         759         760
         761         762         763         764
         765         766         767         768
         769         770         771         772
         773         774         775         776
         777         778         779         780
         781         782         783         784
         785         786         787         788
         789         790         791         792
         793         794         795         796
         797         798         799         800
         801         802         803         804
         805         806         807         808
         809         810         811         812
         813         814         815         816
         817         818         819         820
         821         822         823         824
         825         826         827         828
         829         830         831         832
         833         834         835         836
         837         838         839         840
         841         842         843         844
         845         846         847         848
         849         850         851         852
         853         854         855         856
         857         858         859         860
         861         862         863         864
         865         866         867         868
         869         870         871         872
         873         874         875         876
         877         878         879         880
         881         882         883         884
         885         886         887         888
         889         890         891         892
         893         894         895         896
         897         898         899         900
         901         902         903         904
         905         906         907         908
         909         910         911         912
         913         914         915         916
         917         918         919         920
         921         922         923         924
         925         926         927         928
         929         930         931         932
         933         934         935         936
         937         938         939         940
         941         942         943         944
         945         946         947         948
         949         950         951         952
         953         954         955         956
         957         958         959         960
         961         962         963         964
         965         966         967         968
         969         970         971         972
         973         974         975         976
         977         978         979         980
         981         982         983         984
