 VARIABLES="X" "Y" "Z" "abs(p) (Pa)" "angle(p) (rad)"
ZONE N=    984,E =     246,F=FEPOINT,ET=QUADRILATERAL
 -0.4559500      1.2500000E-03 -0.1500000       35.10050      -1.571892    
 -0.4553438     -2.2286100E-02 -0.1500000       35.10050      -1.571892    
 -0.5642492     -2.7899800E-02 -4.6000001E-03   35.10050      -1.571892    
 -0.4559500      1.2500000E-03 -0.1500000       35.10050      -1.571892    
 -0.5642492     -2.7899800E-02 -4.6000001E-03   84.10598      -1.571193    
 -0.4553438     -2.2286100E-02 -0.1500000       84.10598      -1.571193    
 -0.4505038     -6.9108702E-02 -0.1500000       84.10598      -1.571193    
 -0.5642492     -2.7899800E-02 -4.6000001E-03   84.10598      -1.571193    
 -0.5642492     -2.7899800E-02 -4.6000001E-03   120.0215      -1.571039    
 -0.4505038     -6.9108702E-02 -0.1500000       120.0215      -1.571039    
 -0.5582547     -8.5890502E-02 -4.6000001E-03   120.0215      -1.571039    
 -0.5642492     -2.7899800E-02 -4.6000001E-03   120.0215      -1.571039    
 -0.5582547     -8.5890502E-02 -4.6000001E-03   184.6556      -1.570919    
 -0.4505038     -6.9108702E-02 -0.1500000       184.6556      -1.570919    
 -0.4408751     -0.1151856     -0.1500000       184.6556      -1.570919    
 -0.5582547     -8.5890502E-02 -4.6000001E-03   184.6556      -1.570919    
 -0.5582547     -8.5890502E-02 -4.6000001E-03   225.4889      -1.570874    
 -0.4408751     -0.1151856     -0.1500000       225.4889      -1.570874    
 -0.5463294     -0.1429575     -4.6000001E-03   225.4889      -1.570874    
 -0.5582547     -8.5890502E-02 -4.6000001E-03   225.4889      -1.570874    
 -0.5463294     -0.1429575     -4.6000001E-03   283.5010      -1.570839    
 -0.4408751     -0.1151856     -0.1500000       283.5010      -1.570839    
 -0.4265597     -0.1600282     -0.1500000       283.5010      -1.570839    
 -0.5463294     -0.1429575     -4.6000001E-03   283.5010      -1.570839    
 -0.5463294     -0.1429575     -4.6000001E-03   328.7238      -1.570816    
 -0.4265597     -0.1600282     -0.1500000       328.7238      -1.570816    
 -0.5285996     -0.1984958     -4.6000001E-03   328.7238      -1.570816    
 -0.5463294     -0.1429575     -4.6000001E-03   328.7238      -1.570816    
 -0.5285996     -0.1984958     -4.6000001E-03   379.3828      -1.570801    
 -0.4265597     -0.1600282     -0.1500000       379.3828      -1.570801    
 -0.4077095     -0.2031613     -0.1500000       379.3828      -1.570801    
 -0.5285996     -0.1984958     -4.6000001E-03   379.3828      -1.570801    
 -0.5285996     -0.1984958     -4.6000001E-03   428.5172      -1.570786    
 -0.4077095     -0.2031613     -0.1500000       428.5172      -1.570786    
 -0.5052533     -0.2519168     -4.6000001E-03   428.5172      -1.570786    
 -0.5285996     -0.1984958     -4.6000001E-03   428.5172      -1.570786    
 -0.5052533     -0.2519168     -4.6000001E-03   471.2520      -1.570779    
 -0.4077095     -0.2031613     -0.1500000       471.2520      -1.570779    
 -0.3845242     -0.2441275     -0.1500000       471.2520      -1.570779    
 -0.5052533     -0.2519168     -4.6000001E-03   471.2520      -1.570779    
 -0.5052533     -0.2519168     -4.6000001E-03   523.7840      -1.570768    
 -0.3845242     -0.2441275     -0.1500000       523.7840      -1.570768    
 -0.4765379     -0.3026542     -4.6000001E-03   523.7840      -1.570768    
 -0.5052533     -0.2519168     -4.6000001E-03   523.7840      -1.570768    
 -0.4765379     -0.3026542     -4.6000001E-03   558.1336      -1.570765    
 -0.3845242     -0.2441275     -0.1500000       558.1336      -1.570765    
 -0.3572496     -0.2824926     -0.1500000       558.1336      -1.570765    
 -0.4765379     -0.3026542     -4.6000001E-03   558.1336      -1.570765    
 -0.4765379     -0.3026542     -4.6000001E-03   613.5095      -1.570756    
 -0.3572496     -0.2824926     -0.1500000       613.5095      -1.570756    
 -0.4427578     -0.3501701     -4.6000001E-03   613.5095      -1.570756    
 -0.4765379     -0.3026542     -4.6000001E-03   613.5095      -1.570756    
 -0.4427578     -0.3501701     -4.6000001E-03   639.0951      -1.570755    
 -0.3572496     -0.2824926     -0.1500000       639.0951      -1.570755    
 -0.3261748     -0.3178501     -0.1500000       639.0951      -1.570755    
 -0.4427578     -0.3501701     -4.6000001E-03   639.0951      -1.570755    
 -0.4427578     -0.3501701     -4.6000001E-03   696.7264      -1.570748    
 -0.3261748     -0.3178501     -0.1500000       696.7264      -1.570748    
 -0.4042712     -0.3939609     -4.6000001E-03   696.7264      -1.570748    
 -0.4427578     -0.3501701     -4.6000001E-03   696.7264      -1.570748    
 -0.4042712     -0.3939609     -4.6000001E-03   713.2810      -1.570749    
 -0.3261748     -0.3178501     -0.1500000       713.2810      -1.570749    
 -0.2916292     -0.3498249     -0.1500000       713.2810      -1.570749    
 -0.4042712     -0.3939609     -4.6000001E-03   713.2810      -1.570749    
 -0.4042712     -0.3939609     -4.6000001E-03   772.5577      -1.570742    
 -0.2916292     -0.3498249     -0.1500000       772.5577      -1.570742    
 -0.3614859     -0.4335623     -4.6000001E-03   772.5577      -1.570742    
 -0.4042712     -0.3939609     -4.6000001E-03   772.5577      -1.570742    
 -0.3614859     -0.4335623     -4.6000001E-03   779.9037      -1.570743    
 -0.2916292     -0.3498249     -0.1500000       779.9037      -1.570743    
 -0.2539790     -0.3780783     -0.1500000       779.9037      -1.570743    
 -0.3614859     -0.4335623     -4.6000001E-03   779.9037      -1.570743    
 -0.3614859     -0.4335623     -4.6000001E-03   840.2002      -1.570737    
 -0.2539790     -0.3780783     -0.1500000       840.2002      -1.570737    
 -0.3148555     -0.4685546     -4.6000001E-03   840.2002      -1.570737    
 -0.3614859     -0.4335623     -4.6000001E-03   840.2002      -1.570737    
 -0.3148555     -0.4685546     -4.6000001E-03   838.2579      -1.570740    
 -0.2539790     -0.3780783     -0.1500000       838.2579      -1.570740    
 -0.2136233     -0.4023107     -0.1500000       838.2579      -1.570740    
 -0.3148555     -0.4685546     -4.6000001E-03   838.2579      -1.570740    
 -0.3148555     -0.4685546     -4.6000001E-03   898.9352      -1.570734    
 -0.2136233     -0.4023107     -0.1500000       898.9352      -1.570734    
 -0.2648743     -0.4985668     -4.6000001E-03   898.9352      -1.570734    
 -0.3148555     -0.4685546     -4.6000001E-03   898.9352      -1.570734    
 -0.2648743     -0.4985668     -4.6000001E-03   887.7225      -1.570737    
 -0.2136233     -0.4023107     -0.1500000       887.7225      -1.570737    
 -0.1709900     -0.4222653     -0.1500000       887.7225      -1.570737    
 -0.2648743     -0.4985668     -4.6000001E-03   887.7225      -1.570737    
 -0.2648743     -0.4985668     -4.6000001E-03   948.1335      -1.570732    
 -0.1709900     -0.4222653     -0.1500000       948.1335      -1.570732    
 -0.2120721     -0.5232809     -4.6000001E-03   948.1335      -1.570732    
 -0.2648743     -0.4985668     -4.6000001E-03   948.1335      -1.570732    
 -0.2120721     -0.5232809     -4.6000001E-03   927.7709      -1.570735    
 -0.1709900     -0.4222653     -0.1500000       927.7709      -1.570735    
 -0.1265308     -0.4377305     -0.1500000       927.7709      -1.570735    
 -0.2120721     -0.5232809     -4.6000001E-03   927.7709      -1.570735    
 -0.2120721     -0.5232809     -4.6000001E-03   987.2792      -1.570730    
 -0.1265308     -0.4377305     -0.1500000       987.2792      -1.570730    
 -0.1570087     -0.5424348     -4.6000001E-03   987.2792      -1.570730    
 -0.2120721     -0.5232809     -4.6000001E-03   987.2792      -1.570730    
 -0.1570087     -0.5424348     -4.6000001E-03   957.9818      -1.570733    
 -0.1265308     -0.4377305     -0.1500000       957.9818      -1.570733    
 -8.0717102E-02 -0.4485424     -0.1500000       957.9818      -1.570733    
 -0.1570087     -0.5424348     -4.6000001E-03   957.9818      -1.570733    
 -0.1570087     -0.5424348     -4.6000001E-03   1015.956      -1.570729    
 -8.0717102E-02 -0.4485424     -0.1500000       1015.956      -1.570729    
 -0.1002677     -0.5558256     -4.6000001E-03   1015.956      -1.570729    
 -0.1570087     -0.5424348     -4.6000001E-03   1015.956      -1.570729    
 -0.1002677     -0.5558256     -4.6000001E-03   978.0339      -1.570732    
 -8.0717102E-02 -0.4485424     -0.1500000       978.0339      -1.570732    
 -3.4034599E-02 -0.4545864     -0.1500000       978.0339      -1.570732    
 -0.1002677     -0.5558256     -4.6000001E-03   978.0339      -1.570732    
 -0.1002677     -0.5558256     -4.6000001E-03   1033.859      -1.570728    
 -3.4034599E-02 -0.4545864     -0.1500000       1033.859      -1.570728    
 -4.2450599E-02 -0.5633112     -4.6000001E-03   1033.859      -1.570728    
 -0.1002677     -0.5558256     -4.6000001E-03   1033.859      -1.570728    
 -4.2450599E-02 -0.5633112     -4.6000001E-03   987.7152      -1.570732    
 -3.4034599E-02 -0.4545864     -0.1500000       987.7152      -1.570732    
  1.3022000E-02 -0.4557984     -0.1500000       987.7152      -1.570732    
 -4.2450599E-02 -0.5633112     -4.6000001E-03   987.7152      -1.570732    
 -4.2450599E-02 -0.5633112     -4.6000001E-03   1040.800      -1.570728    
  1.3022000E-02 -0.4557984     -0.1500000       1040.800      -1.570728    
  1.5829800E-02 -0.5648122     -4.6000001E-03   1040.800      -1.570728    
 -4.2450599E-02 -0.5633112     -4.6000001E-03   1040.800      -1.570728    
  1.5829800E-02 -0.5648122     -4.6000001E-03   986.9215      -1.570732    
  1.3022000E-02 -0.4557984     -0.1500000       986.9215      -1.570732    
  5.9953801E-02 -0.4521656     -0.1500000       986.9215      -1.570732    
  1.5829800E-02 -0.5648122     -4.6000001E-03   986.9215      -1.570732    
  1.5829800E-02 -0.5648122     -4.6000001E-03   1036.705      -1.570728    
  5.9953801E-02 -0.4521656     -0.1500000       1036.705      -1.570728    
  7.3955603E-02 -0.5603129     -4.6000001E-03   1036.705      -1.570728    
  1.5829800E-02 -0.5648122     -4.6000001E-03   1036.705      -1.570728    
  7.3955603E-02 -0.5603129     -4.6000001E-03   975.6632      -1.570732    
  5.9953801E-02 -0.4521656     -0.1500000       975.6632      -1.570732    
  0.1062633     -0.4437265     -0.1500000       975.6632      -1.570732    
  7.3955603E-02 -0.5603129     -4.6000001E-03   975.6632      -1.570732    
  7.3955603E-02 -0.5603129     -4.6000001E-03   1021.616      -1.570729    
  0.1062633     -0.4437265     -0.1500000       1021.616      -1.570729    
  0.1313107     -0.5498609     -4.6000001E-03   1021.616      -1.570729    
  7.3955603E-02 -0.5603129     -4.6000001E-03   1021.616      -1.570729    
  0.1313107     -0.5498609     -4.6000001E-03   954.0590      -1.570733    
  0.1062633     -0.4437265     -0.1500000       954.0590      -1.570733    
  0.1514596     -0.4305705     -0.1500000       954.0590      -1.570733    
  0.1313107     -0.5498609     -4.6000001E-03   954.0590      -1.570733    
  0.1313107     -0.5498609     -4.6000001E-03   995.6931      -1.570730    
  0.1514596     -0.4305705     -0.1500000       995.6931      -1.570730    
  0.1872871     -0.5335670     -4.6000001E-03   995.6931      -1.570730    
  0.1313107     -0.5498609     -4.6000001E-03   995.6931      -1.570730    
  0.1872871     -0.5335670     -4.6000001E-03   922.3364      -1.570735    
  0.1514596     -0.4305705     -0.1500000       922.3364      -1.570735    
  0.1950637     -0.4128371     -0.1500000       922.3364      -1.570735    
  0.1872871     -0.5335670     -4.6000001E-03   922.3364      -1.570735    
  0.1872871     -0.5335670     -4.6000001E-03   959.2116      -1.570732    
  0.1950637     -0.4128371     -0.1500000       959.2116      -1.570732    
  0.2412916     -0.5116039     -4.6000001E-03   959.2116      -1.570732    
  0.1872871     -0.5335670     -4.6000001E-03   959.2116      -1.570732    
  0.2412916     -0.5116039     -4.6000001E-03   880.8318      -1.570737    
  0.1950637     -0.4128371     -0.1500000       880.8318      -1.570737    
  0.2366133     -0.3907142     -0.1500000       880.8318      -1.570737    
  0.2412916     -0.5116039     -4.6000001E-03   880.8318      -1.570737    
  0.2412916     -0.5116039     -4.6000001E-03   912.5581      -1.570734    
  0.2366133     -0.3907142     -0.1500000       912.5581      -1.570734    
  0.2927515     -0.4842044     -4.6000001E-03   912.5581      -1.570734    
  0.2412916     -0.5116039     -4.6000001E-03   912.5581      -1.570734    
  0.2927515     -0.4842044     -4.6000001E-03   829.9852      -1.570740    
  0.2366133     -0.3907142     -0.1500000       829.9852      -1.570740    
  0.2756680     -0.3644365     -0.1500000       829.9852      -1.570740    
  0.2927515     -0.4842044     -4.6000001E-03   829.9852      -1.570740    
  0.2927515     -0.4842044     -4.6000001E-03   856.2277      -1.570737    
  0.2756680     -0.3644365     -0.1500000       856.2277      -1.570737    
  0.3411214     -0.4516589     -4.6000001E-03   856.2277      -1.570737    
  0.2927515     -0.4842044     -4.6000001E-03   856.2277      -1.570737    
  0.3411214     -0.4516589     -4.6000001E-03   770.3378      -1.570744    
  0.2756680     -0.3644365     -0.1500000       770.3378      -1.570744    
  0.3118138     -0.3342824     -0.1500000       770.3378      -1.570744    
  0.3411214     -0.4516589     -4.6000001E-03   770.3378      -1.570744    
  0.3411214     -0.4516589     -4.6000001E-03   790.8169      -1.570741    
  0.3118138     -0.3342824     -0.1500000       790.8169      -1.570741    
  0.3858885     -0.4143126     -4.6000001E-03   790.8169      -1.570741    
  0.3411214     -0.4516589     -4.6000001E-03   790.8169      -1.570741    
  0.3858885     -0.4143126     -4.6000001E-03   702.5195      -1.570749    
  0.3118138     -0.3342824     -0.1500000       702.5195      -1.570749    
  0.3446676     -0.3005715     -0.1500000       702.5195      -1.570749    
  0.3858885     -0.4143126     -4.6000001E-03   702.5195      -1.570749    
  0.3858885     -0.4143126     -4.6000001E-03   717.0195      -1.570747    
  0.3446676     -0.3005715     -0.1500000       717.0195      -1.570747    
  0.4265785     -0.3725611     -4.6000001E-03   717.0195      -1.570747    
  0.3858885     -0.4143126     -4.6000001E-03   717.0195      -1.570747    
  0.4265785     -0.3725611     -4.6000001E-03   627.2495      -1.570756    
  0.3446676     -0.3005715     -0.1500000       627.2495      -1.570756    
  0.3738810     -0.2636613     -0.1500000       627.2495      -1.570756    
  0.4265785     -0.3725611     -4.6000001E-03   627.2495      -1.570756    
  0.4265785     -0.3725611     -4.6000001E-03   635.6163      -1.570754    
  0.3738810     -0.2636613     -0.1500000       635.6163      -1.570754    
  0.4627600     -0.3268472     -4.6000001E-03   635.6163      -1.570754    
  0.4265785     -0.3725611     -4.6000001E-03   635.6163      -1.570754    
  0.4627600     -0.3268472     -4.6000001E-03   545.3273      -1.570766    
  0.3738810     -0.2636613     -0.1500000       545.3273      -1.570766    
  0.3991444     -0.2239430     -0.1500000       545.3273      -1.570766    
  0.4627600     -0.3268472     -4.6000001E-03   545.3273      -1.570766    
  0.4627600     -0.3268472     -4.6000001E-03   547.4710      -1.570765    
  0.3991444     -0.2239430     -0.1500000       547.4710      -1.570765    
  0.4940490     -0.2776553     -4.6000001E-03   547.4710      -1.570765    
  0.4627600     -0.3268472     -4.6000001E-03   547.4710      -1.570765    
  0.4940490     -0.2776553     -4.6000001E-03   457.6197      -1.570781    
  0.3991444     -0.2239430     -0.1500000       457.6197      -1.570781    
  0.4201901     -0.1818375     -0.1500000       457.6197      -1.570781    
  0.4940490     -0.2776553     -4.6000001E-03   457.6197      -1.570781    
  0.4940490     -0.2776553     -4.6000001E-03   453.5197      -1.570781    
  0.4201901     -0.1818375     -0.1500000       453.5197      -1.570781    
  0.5201140     -0.2255070     -4.6000001E-03   453.5197      -1.570781    
  0.4940490     -0.2776553     -4.6000001E-03   453.5197      -1.570781    
  0.5201140     -0.2255070     -4.6000001E-03   365.0580      -1.570804    
  0.4201901     -0.1818375     -0.1500000       365.0580      -1.570804    
  0.4367950     -0.1377913     -0.1500000       365.0580      -1.570804    
  0.5201140     -0.2255070     -4.6000001E-03   365.0580      -1.570804    
  0.5201140     -0.2255070     -4.6000001E-03   354.7589      -1.570807    
  0.4367950     -0.1377913     -0.1500000       354.7589      -1.570807    
  0.5406800     -0.1709550     -4.6000001E-03   354.7589      -1.570807    
  0.5201140     -0.2255070     -4.6000001E-03   354.7589      -1.570807    
  0.5406800     -0.1709550     -4.6000001E-03   268.6212      -1.570846    
  0.4367950     -0.1377913     -0.1500000       268.6212      -1.570846    
  0.4487830     -9.2271201E-02 -0.1500000       268.6212      -1.570846    
  0.5406800     -0.1709550     -4.6000001E-03   268.6212      -1.570846    
  0.5406800     -0.1709550     -4.6000001E-03   252.2290      -1.570856    
  0.4487830     -9.2271201E-02 -0.1500000       252.2290      -1.570856    
  0.5555270     -0.1145776     -4.6000001E-03   252.2290      -1.570856    
  0.5406800     -0.1709550     -4.6000001E-03   252.2290      -1.570856    
  0.5555270     -0.1145776     -4.6000001E-03   169.3319      -1.570938    
  0.4487830     -9.2271201E-02 -0.1500000       169.3319      -1.570938    
  0.4560270     -4.5759700E-02 -0.1500000       169.3319      -1.570938    
  0.5555270     -0.1145776     -4.6000001E-03   169.3319      -1.570938    
  0.5555270     -0.1145776     -4.6000001E-03   147.0244      -1.570977    
  0.4560270     -4.5759700E-02 -0.1500000       147.0244      -1.570977    
  0.5644990     -5.6972399E-02 -4.6000001E-03   147.0244      -1.570977    
  0.5555270     -0.1145776     -4.6000001E-03   147.0244      -1.570977    
  0.5644990     -5.6972399E-02 -4.6000001E-03   68.24382      -1.571306    
  0.4560270     -4.5759700E-02 -0.1500000       68.24382      -1.571306    
  0.4584500      1.2500000E-03 -0.1500000       68.24382      -1.571306    
  0.5644990     -5.6972399E-02 -4.6000001E-03   68.24382      -1.571306    
  0.5644990     -5.6972399E-02 -4.6000001E-03   40.25512      -1.571748    
  0.4584500      1.2500000E-03 -0.1500000       40.25512      -1.571748    
  0.5675000      1.2500000E-03 -4.6000001E-03   40.25512      -1.571748    
  0.5644990     -5.6972399E-02 -4.6000001E-03   40.25512      -1.571748    
  0.5675000      1.2500000E-03 -4.6000001E-03   33.57042       1.572157    
  0.4584500      1.2500000E-03 -0.1500000       33.57042       1.572157    
  0.4560270      4.8259798E-02 -0.1500000       33.57042       1.572157    
  0.5675000      1.2500000E-03 -4.6000001E-03   33.57042       1.572157    
  0.5675000      1.2500000E-03 -4.6000001E-03   66.94302       1.571543    
  0.4560270      4.8259798E-02 -0.1500000       66.94302       1.571543    
  0.5644990      5.9472401E-02 -4.6000001E-03   66.94302       1.571543    
  0.5675000      1.2500000E-03 -4.6000001E-03   66.94302       1.571543    
  0.5644990      5.9472401E-02 -4.6000001E-03   135.0352       1.571215    
  0.4560270      4.8259798E-02 -0.1500000       135.0352       1.571215    
  0.4487830      9.4771199E-02 -0.1500000       135.0352       1.571215    
  0.5644990      5.9472401E-02 -4.6000001E-03   135.0352       1.571215    
  0.5644990      5.9472401E-02 -4.6000001E-03   173.4379       1.571151    
  0.4487830      9.4771199E-02 -0.1500000       173.4379       1.571151    
  0.5555270      0.1170776     -4.6000001E-03   173.4379       1.571151    
  0.5644990      5.9472401E-02 -4.6000001E-03   173.4379       1.571151    
  0.5555270      0.1170776     -4.6000001E-03   235.0724       1.571082    
  0.4487830      9.4771199E-02 -0.1500000       235.0724       1.571082    
  0.4367950      0.1402913     -0.1500000       235.0724       1.571082    
  0.5555270      0.1170776     -4.6000001E-03   235.0724       1.571082    
  0.5555270      0.1170776     -4.6000001E-03   278.0960       1.571059    
  0.4367950      0.1402913     -0.1500000       278.0960       1.571059    
  0.5406800      0.1734551     -4.6000001E-03   278.0960       1.571059    
  0.5555270      0.1170776     -4.6000001E-03   278.0960       1.571059    
  0.5406800      0.1734551     -4.6000001E-03   332.6222       1.571030    
  0.4367950      0.1402913     -0.1500000       332.6222       1.571030    
  0.4201901      0.1843376     -0.1500000       332.6222       1.571030    
  0.5406800      0.1734551     -4.6000001E-03   332.6222       1.571030    
  0.5406800      0.1734551     -4.6000001E-03   379.8138       1.571018    
  0.4201901      0.1843376     -0.1500000       379.8138       1.571018    
  0.5201140      0.2280070     -4.6000001E-03   379.8138       1.571018    
  0.5406800      0.1734551     -4.6000001E-03   379.8138       1.571018    
  0.5201140      0.2280070     -4.6000001E-03   426.6504       1.571002    
  0.4201901      0.1843376     -0.1500000       426.6504       1.571002    
  0.3991444      0.2264430     -0.1500000       426.6504       1.571002    
  0.5201140      0.2280070     -4.6000001E-03   426.6504       1.571002    
  0.5201140      0.2280070     -4.6000001E-03   477.5045       1.570995    
  0.3991444      0.2264430     -0.1500000       477.5045       1.570995    
  0.4940490      0.2801554     -4.6000001E-03   477.5045       1.570995    
  0.5201140      0.2280070     -4.6000001E-03   477.5045       1.570995    
  0.4940490      0.2801554     -4.6000001E-03   516.1583       1.570985    
  0.3991444      0.2264430     -0.1500000       516.1583       1.570985    
  0.3738810      0.2661614     -0.1500000       516.1583       1.570985    
  0.4940490      0.2801554     -4.6000001E-03   516.1583       1.570985    
  0.4940490      0.2801554     -4.6000001E-03   570.1402       1.570980    
  0.3738810      0.2661614     -0.1500000       570.1402       1.570980    
  0.4627600      0.3293472     -4.6000001E-03   570.1402       1.570980    
  0.4940490      0.2801554     -4.6000001E-03   570.1402       1.570980    
  0.4627600      0.3293472     -4.6000001E-03   600.2019       1.570974    
  0.3738810      0.2661614     -0.1500000       600.2019       1.570974    
  0.3446676      0.3030716     -0.1500000       600.2019       1.570974    
  0.4627600      0.3293472     -4.6000001E-03   600.2019       1.570974    
  0.4627600      0.3293472     -4.6000001E-03   656.7373       1.570970    
  0.3446676      0.3030716     -0.1500000       656.7373       1.570970    
  0.4265785      0.3750612     -4.6000001E-03   656.7373       1.570970    
  0.4627600      0.3293472     -4.6000001E-03   656.7373       1.570970    
  0.4265785      0.3750612     -4.6000001E-03   677.8866       1.570966    
  0.3446676      0.3030716     -0.1500000       677.8866       1.570966    
  0.3118138      0.3367824     -0.1500000       677.8866       1.570966    
  0.4265785      0.3750612     -4.6000001E-03   677.8866       1.570966    
  0.4265785      0.3750612     -4.6000001E-03   736.3766       1.570963    
  0.3118138      0.3367824     -0.1500000       736.3766       1.570963    
  0.3858885      0.4168126     -4.6000001E-03   736.3766       1.570963    
  0.4265785      0.3750612     -4.6000001E-03   736.3766       1.570963    
  0.3858885      0.4168126     -4.6000001E-03   748.3896       1.570960    
  0.3118138      0.3367824     -0.1500000       748.3896       1.570960    
  0.2756680      0.3669365     -0.1500000       748.3896       1.570960    
  0.3858885      0.4168126     -4.6000001E-03   748.3896       1.570960    
  0.3858885      0.4168126     -4.6000001E-03   808.2139       1.570958    
  0.2756680      0.3669365     -0.1500000       808.2139       1.570958    
  0.3411214      0.4541590     -4.6000001E-03   808.2139       1.570958    
  0.3858885      0.4168126     -4.6000001E-03   808.2139       1.570958    
  0.3411214      0.4541590     -4.6000001E-03   810.9645       1.570955    
  0.2756680      0.3669365     -0.1500000       810.9645       1.570955    
  0.2366133      0.3932143     -0.1500000       810.9645       1.570955    
  0.3411214      0.4541590     -4.6000001E-03   810.9645       1.570955    
  0.3411214      0.4541590     -4.6000001E-03   871.4891       1.570954    
  0.2366133      0.3932143     -0.1500000       871.4891       1.570954    
  0.2927515      0.4867040     -4.6000001E-03   871.4891       1.570954    
  0.3411214      0.4541590     -4.6000001E-03   871.4891       1.570954    
  0.2927515      0.4867040     -4.6000001E-03   864.9472       1.570952    
  0.2366133      0.3932143     -0.1500000       864.9472       1.570952    
  0.1950637      0.4153371     -0.1500000       864.9472       1.570952    
  0.2927515      0.4867040     -4.6000001E-03   864.9472       1.570952    
  0.2927515      0.4867040     -4.6000001E-03   925.5283       1.570952    
  0.1950637      0.4153371     -0.1500000       925.5283       1.570952    
  0.2412916      0.5141040     -4.6000001E-03   925.5283       1.570952    
  0.2927515      0.4867040     -4.6000001E-03   925.5283       1.570952    
  0.2412916      0.5141040     -4.6000001E-03   909.7650       1.570950    
  0.1950637      0.4153371     -0.1500000       909.7650       1.570950    
  0.1514596      0.4330705     -0.1500000       909.7650       1.570950    
  0.2412916      0.5141040     -4.6000001E-03   909.7650       1.570950    
  0.2412916      0.5141040     -4.6000001E-03   969.7620       1.570949    
  0.1514596      0.4330705     -0.1500000       969.7620       1.570949    
  0.1872871      0.5360670     -4.6000001E-03   969.7620       1.570949    
  0.2412916      0.5141040     -4.6000001E-03   969.7620       1.570949    
  0.1872871      0.5360670     -4.6000001E-03   944.9434       1.570948    
  0.1514596      0.4330705     -0.1500000       944.9434       1.570948    
  0.1062633      0.4462270     -0.1500000       944.9434       1.570948    
  0.1872871      0.5360670     -4.6000001E-03   944.9434       1.570948    
  0.1872871      0.5360670     -4.6000001E-03   1003.719       1.570948    
  0.1062633      0.4462270     -0.1500000       1003.719       1.570948    
  0.1313107      0.5523610     -4.6000001E-03   1003.719       1.570948    
  0.1872871      0.5360670     -4.6000001E-03   1003.719       1.570948    
  0.1313107      0.5523610     -4.6000001E-03   970.1079       1.570947    
  0.1062633      0.4462270     -0.1500000       970.1079       1.570947    
  5.9953801E-02  0.4546660     -0.1500000       970.1079       1.570947    
  0.1313107      0.5523610     -4.6000001E-03   970.1079       1.570947    
  0.1313107      0.5523610     -4.6000001E-03   1027.042       1.570947    
  5.9953801E-02  0.4546660     -0.1500000       1027.042       1.570947    
  7.3955603E-02  0.5628130     -4.6000001E-03   1027.042       1.570947    
  0.1313107      0.5523610     -4.6000001E-03   1027.042       1.570947    
  7.3955603E-02  0.5628130     -4.6000001E-03   984.9952       1.570946    
  5.9953801E-02  0.4546660     -0.1500000       984.9952       1.570946    
  1.3022000E-02  0.4582980     -0.1500000       984.9952       1.570946    
  7.3955603E-02  0.5628130     -4.6000001E-03   984.9952       1.570946    
  7.3955603E-02  0.5628130     -4.6000001E-03   1039.479       1.570946    
  1.3022000E-02  0.4582980     -0.1500000       1039.479       1.570946    
  1.5829800E-02  0.5673120     -4.6000001E-03   1039.479       1.570946    
  7.3955603E-02  0.5628130     -4.6000001E-03   1039.479       1.570946    
  1.5829800E-02  0.5673120     -4.6000001E-03   989.4467       1.570946    
  1.3022000E-02  0.4582980     -0.1500000       989.4467       1.570946    
 -3.4034599E-02  0.4570860     -0.1500000       989.4467       1.570946    
  1.5829800E-02  0.5673120     -4.6000001E-03   989.4467       1.570946    
  1.5829800E-02  0.5673120     -4.6000001E-03   1040.905       1.570946    
 -3.4034599E-02  0.4570860     -0.1500000       1040.905       1.570946    
 -4.2450599E-02  0.5658110     -4.6000001E-03   1040.905       1.570946    
  1.5829800E-02  0.5673120     -4.6000001E-03   1040.905       1.570946    
 -4.2450599E-02  0.5658110     -4.6000001E-03   983.4140       1.570946    
 -3.4034599E-02  0.4570860     -0.1500000       983.4140       1.570946    
 -8.0717102E-02  0.4510420     -0.1500000       983.4140       1.570946    
 -4.2450599E-02  0.5658110     -4.6000001E-03   983.4140       1.570946    
 -4.2450599E-02  0.5658110     -4.6000001E-03   1031.301       1.570947    
 -8.0717102E-02  0.4510420     -0.1500000       1031.301       1.570947    
 -0.1002677      0.5583260     -4.6000001E-03   1031.301       1.570947    
 -4.2450599E-02  0.5658110     -4.6000001E-03   1031.301       1.570947    
 -0.1002677      0.5583260     -4.6000001E-03   966.9606       1.570947    
 -8.0717102E-02  0.4510420     -0.1500000       966.9606       1.570947    
 -0.1265308      0.4402310     -0.1500000       966.9606       1.570947    
 -0.1002677      0.5583260     -4.6000001E-03   966.9606       1.570947    
 -0.1002677      0.5583260     -4.6000001E-03   1010.768       1.570948    
 -0.1265308      0.4402310     -0.1500000       1010.768       1.570948    
 -0.1570087      0.5449350     -4.6000001E-03   1010.768       1.570948    
 -0.1002677      0.5583260     -4.6000001E-03   1010.768       1.570948    
 -0.1570087      0.5449350     -4.6000001E-03   940.2611       1.570948    
 -0.1265308      0.4402310     -0.1500000       940.2611       1.570948    
 -0.1709900      0.4247653     -0.1500000       940.2611       1.570948    
 -0.1570087      0.5449350     -4.6000001E-03   940.2611       1.570948    
 -0.1570087      0.5449350     -4.6000001E-03   979.5268       1.570949    
 -0.1709900      0.4247653     -0.1500000       979.5268       1.570949    
 -0.2120721      0.5257810     -4.6000001E-03   979.5268       1.570949    
 -0.1570087      0.5449350     -4.6000001E-03   979.5268       1.570949    
 -0.2120721      0.5257810     -4.6000001E-03   903.6005       1.570950    
 -0.1709900      0.4247653     -0.1500000       903.6005       1.570950    
 -0.2136233      0.4048108     -0.1500000       903.6005       1.570950    
 -0.2120721      0.5257810     -4.6000001E-03   903.6005       1.570950    
 -0.2120721      0.5257810     -4.6000001E-03   937.9059       1.570951    
 -0.2136233      0.4048108     -0.1500000       937.9059       1.570951    
 -0.2648743      0.5010670     -4.6000001E-03   937.9059       1.570951    
 -0.2120721      0.5257810     -4.6000001E-03   937.9059       1.570951    
 -0.2648743      0.5010670     -4.6000001E-03   857.3643       1.570953    
 -0.2136233      0.4048108     -0.1500000       857.3643       1.570953    
 -0.2539790      0.3805784     -0.1500000       857.3643       1.570953    
 -0.2648743      0.5010670     -4.6000001E-03   857.3643       1.570953    
 -0.2648743      0.5010670     -4.6000001E-03   886.3460       1.570953    
 -0.2539790      0.3805784     -0.1500000       886.3460       1.570953    
 -0.3148555      0.4710550     -4.6000001E-03   886.3460       1.570953    
 -0.2648743      0.5010670     -4.6000001E-03   886.3460       1.570953    
 -0.3148555      0.4710550     -4.6000001E-03   802.0416       1.570956    
 -0.2539790      0.3805784     -0.1500000       802.0416       1.570956    
 -0.2916292      0.3523250     -0.1500000       802.0416       1.570956    
 -0.3148555      0.4710550     -4.6000001E-03   802.0416       1.570956    
 -0.3148555      0.4710550     -4.6000001E-03   825.3884       1.570957    
 -0.2916292      0.3523250     -0.1500000       825.3884       1.570957    
 -0.3614859      0.4360620     -4.6000001E-03   825.3884       1.570957    
 -0.3148555      0.4710550     -4.6000001E-03   825.3884       1.570957    
 -0.3614859      0.4360620     -4.6000001E-03   738.2278       1.570961    
 -0.2916292      0.3523250     -0.1500000       738.2278       1.570961    
 -0.3261748      0.3203501     -0.1500000       738.2278       1.570961    
 -0.3614859      0.4360620     -4.6000001E-03   738.2278       1.570961    
 -0.3614859      0.4360620     -4.6000001E-03   755.6982       1.570961    
 -0.3261748      0.3203501     -0.1500000       755.6982       1.570961    
 -0.4042712      0.3964609     -4.6000001E-03   755.6982       1.570961    
 -0.3614859      0.4360620     -4.6000001E-03   755.6982       1.570961    
 -0.4042712      0.3964609     -4.6000001E-03   666.5906       1.570967    
 -0.3261748      0.3203501     -0.1500000       666.5906       1.570967    
 -0.3572496      0.2849927     -0.1500000       666.5906       1.570967    
 -0.4042712      0.3964609     -4.6000001E-03   666.5906       1.570967    
 -0.4042712      0.3964609     -4.6000001E-03   677.9969       1.570968    
 -0.3572496      0.2849927     -0.1500000       677.9969       1.570968    
 -0.4427578      0.3526701     -4.6000001E-03   677.9969       1.570968    
 -0.4042712      0.3964609     -4.6000001E-03   677.9969       1.570968    
 -0.4427578      0.3526701     -4.6000001E-03   587.8909       1.570975    
 -0.3572496      0.2849927     -0.1500000       587.8909       1.570975    
 -0.3845242      0.2466275     -0.1500000       587.8909       1.570975    
 -0.4427578      0.3526701     -4.6000001E-03   587.8909       1.570975    
 -0.4427578      0.3526701     -4.6000001E-03   593.1093       1.570977    
 -0.3845242      0.2466275     -0.1500000       593.1093       1.570977    
 -0.4765379      0.3051542     -4.6000001E-03   593.1093       1.570977    
 -0.4427578      0.3526701     -4.6000001E-03   593.1093       1.570977    
 -0.4765379      0.3051542     -4.6000001E-03   502.9660       1.570988    
 -0.3845242      0.2466275     -0.1500000       502.9660       1.570988    
 -0.4077095      0.2056613     -0.1500000       502.9660       1.570988    
 -0.4765379      0.3051542     -4.6000001E-03   502.9660       1.570988    
 -0.4765379      0.3051542     -4.6000001E-03   501.9433       1.570990    
 -0.4077095      0.2056613     -0.1500000       501.9433       1.570990    
 -0.5052533      0.2544169     -4.6000001E-03   501.9433       1.570990    
 -0.4765379      0.3051542     -4.6000001E-03   501.9433       1.570990    
 -0.5052533      0.2544169     -4.6000001E-03   412.7167       1.571006    
 -0.4077095      0.2056613     -0.1500000       412.7167       1.571006    
 -0.4265597      0.1625283     -0.1500000       412.7167       1.571006    
 -0.5052533      0.2544169     -4.6000001E-03   412.7167       1.571006    
 -0.5052533      0.2544169     -4.6000001E-03   405.4590       1.571010    
 -0.4265597      0.1625283     -0.1500000       405.4590       1.571010    
 -0.5285996      0.2009959     -4.6000001E-03   405.4590       1.571010    
 -0.5052533      0.2544169     -4.6000001E-03   405.4590       1.571010    
 -0.5285996      0.2009959     -4.6000001E-03   318.1086       1.571036    
 -0.4265597      0.1625283     -0.1500000       318.1086       1.571036    
 -0.4408751      0.1176857     -0.1500000       318.1086       1.571036    
 -0.5285996      0.2009959     -4.6000001E-03   318.1086       1.571036    
 -0.5285996      0.2009959     -4.6000001E-03   304.6815       1.571044    
 -0.4408751      0.1176857     -0.1500000       304.6815       1.571044    
 -0.5463294      0.1454575     -4.6000001E-03   304.6815       1.571044    
 -0.5285996      0.2009959     -4.6000001E-03   304.6815       1.571044    
 -0.5463294      0.1454575     -4.6000001E-03   220.1682       1.571096    
 -0.4408751      0.1176857     -0.1500000       220.1682       1.571096    
 -0.4505038      7.1608797E-02 -0.1500000       220.1682       1.571096    
 -0.5463294      0.1454575     -4.6000001E-03   220.1682       1.571096    
 -0.5463294      0.1454575     -4.6000001E-03   200.6860       1.571116    
 -0.4505038      7.1608797E-02 -0.1500000       200.6860       1.571116    
 -0.5582547      8.8390604E-02 -4.6000001E-03   200.6860       1.571116    
 -0.5463294      0.1454575     -4.6000001E-03   200.6860       1.571116    
 -0.5582547      8.8390604E-02 -4.6000001E-03   120.0669       1.571256    
 -0.4505038      7.1608797E-02 -0.1500000       120.0669       1.571256    
 -0.4553438      2.4786100E-02 -0.1500000       120.0669       1.571256    
 -0.5582547      8.8390604E-02 -4.6000001E-03   120.0669       1.571256    
 -0.5582547      8.8390604E-02 -4.6000001E-03   94.67117       1.571352    
 -0.4553438      2.4786100E-02 -0.1500000       94.67117       1.571352    
 -0.5642492      3.0399900E-02 -4.6000001E-03   94.67117       1.571352    
 -0.5582547      8.8390604E-02 -4.6000001E-03   94.67117       1.571352    
 -0.5642492      3.0399900E-02 -4.6000001E-03   35.39212       1.572097    
 -0.4553438      2.4786100E-02 -0.1500000       35.39212       1.572097    
 -0.4559500      1.2500000E-03 -0.1500000       35.39212       1.572097    
 -0.5642492      3.0399900E-02 -4.6000001E-03   35.39212       1.572097    
 -0.5642492      3.0399900E-02 -4.6000001E-03   1.201709       1.606181    
 -0.4559500      1.2500000E-03 -0.1500000       1.201709       1.606181    
 -0.5642492     -2.7899800E-02 -4.6000001E-03   1.201709       1.606181    
 -0.5642492      3.0399900E-02 -4.6000001E-03   1.201709       1.606181    
 -0.4559500      1.2500000E-03 -0.1500000       9.475447       1.575352    
 -0.4553438      2.4786100E-02 -0.1500000       9.475447       1.575352    
  1.2500000E-03  1.2500000E-03 -0.1500000       9.475447       1.575352    
 -0.4559500      1.2500000E-03 -0.1500000       9.475447       1.575352    
 -0.4559500      1.2500000E-03 -0.1500000       8.637739      -1.575446    
  1.2500000E-03  1.2500000E-03 -0.1500000       8.637739      -1.575446    
 -0.4553438     -2.2286100E-02 -0.1500000       8.637739      -1.575446    
 -0.4559500      1.2500000E-03 -0.1500000       8.637739      -1.575446    
 -0.4265597     -0.1600282     -0.1500000       106.6755      -1.571022    
 -0.4408751     -0.1151856     -0.1500000       106.6755      -1.571022    
  1.2500000E-03  1.2500000E-03 -0.1500000       106.6755      -1.571022    
 -0.4265597     -0.1600282     -0.1500000       106.6755      -1.571022    
  1.2500000E-03  1.2500000E-03 -0.1500000       71.60860      -1.571213    
 -0.4408751     -0.1151856     -0.1500000       71.60860      -1.571213    
 -0.4505038     -6.9108702E-02 -0.1500000       71.60860      -1.571213    
  1.2500000E-03  1.2500000E-03 -0.1500000       71.60860      -1.571213    
  1.2500000E-03  1.2500000E-03 -0.1500000       35.76227      -1.571795    
 -0.4505038     -6.9108702E-02 -0.1500000       35.76227      -1.571795    
 -0.4553438     -2.2286100E-02 -0.1500000       35.76227      -1.571795    
  1.2500000E-03  1.2500000E-03 -0.1500000       35.76227      -1.571795    
 -0.3572496     -0.2824926     -0.1500000       203.6131      -1.570836    
 -0.3845242     -0.2441275     -0.1500000       203.6131      -1.570836    
  1.2500000E-03  1.2500000E-03 -0.1500000       203.6131      -1.570836    
 -0.3572496     -0.2824926     -0.1500000       203.6131      -1.570836    
  1.2500000E-03  1.2500000E-03 -0.1500000       173.0278      -1.570872    
 -0.3845242     -0.2441275     -0.1500000       173.0278      -1.570872    
 -0.4077095     -0.2031613     -0.1500000       173.0278      -1.570872    
  1.2500000E-03  1.2500000E-03 -0.1500000       173.0278      -1.570872    
  1.2500000E-03  1.2500000E-03 -0.1500000       140.6008      -1.570928    
 -0.4077095     -0.2031613     -0.1500000       140.6008      -1.570928    
 -0.4265597     -0.1600282     -0.1500000       140.6008      -1.570928    
  1.2500000E-03  1.2500000E-03 -0.1500000       140.6008      -1.570928    
 -0.2539790     -0.3780783     -0.1500000       281.2002      -1.570780    
 -0.2916292     -0.3498249     -0.1500000       281.2002      -1.570780    
  1.2500000E-03  1.2500000E-03 -0.1500000       281.2002      -1.570780    
 -0.2539790     -0.3780783     -0.1500000       281.2002      -1.570780    
  1.2500000E-03  1.2500000E-03 -0.1500000       257.9867      -1.570793    
 -0.2916292     -0.3498249     -0.1500000       257.9867      -1.570793    
 -0.3261748     -0.3178501     -0.1500000       257.9867      -1.570793    
  1.2500000E-03  1.2500000E-03 -0.1500000       257.9867      -1.570793    
  1.2500000E-03  1.2500000E-03 -0.1500000       232.0325      -1.570811    
 -0.3261748     -0.3178501     -0.1500000       232.0325      -1.570811    
 -0.3572496     -0.2824926     -0.1500000       232.0325      -1.570811    
  1.2500000E-03  1.2500000E-03 -0.1500000       232.0325      -1.570811    
 -0.1265308     -0.4377305     -0.1500000       332.0974      -1.570757    
 -0.1709900     -0.4222653     -0.1500000       332.0974      -1.570757    
  1.2500000E-03  1.2500000E-03 -0.1500000       332.0974      -1.570757    
 -0.1265308     -0.4377305     -0.1500000       332.0974      -1.570757    
  1.2500000E-03  1.2500000E-03 -0.1500000       318.4534      -1.570763    
 -0.1709900     -0.4222653     -0.1500000       318.4534      -1.570763    
 -0.2136233     -0.4023107     -0.1500000       318.4534      -1.570763    
  1.2500000E-03  1.2500000E-03 -0.1500000       318.4534      -1.570763    
  1.2500000E-03  1.2500000E-03 -0.1500000       301.4272      -1.570770    
 -0.2136233     -0.4023107     -0.1500000       301.4272      -1.570770    
 -0.2539790     -0.3780783     -0.1500000       301.4272      -1.570770    
  1.2500000E-03  1.2500000E-03 -0.1500000       301.4272      -1.570770    
  1.3022000E-02 -0.4557984     -0.1500000       351.4823      -1.570750    
 -3.4034599E-02 -0.4545864     -0.1500000       351.4823      -1.570750    
  1.2500000E-03  1.2500000E-03 -0.1500000       351.4823      -1.570750    
  1.3022000E-02 -0.4557984     -0.1500000       351.4823      -1.570750    
  1.2500000E-03  1.2500000E-03 -0.1500000       348.6996      -1.570751    
 -3.4034599E-02 -0.4545864     -0.1500000       348.6996      -1.570751    
 -8.0717102E-02 -0.4485424     -0.1500000       348.6996      -1.570751    
  1.2500000E-03  1.2500000E-03 -0.1500000       348.6996      -1.570751    
  1.2500000E-03  1.2500000E-03 -0.1500000       342.2150      -1.570754    
 -8.0717102E-02 -0.4485424     -0.1500000       342.2150      -1.570754    
 -0.1265308     -0.4377305     -0.1500000       342.2150      -1.570754    
  1.2500000E-03  1.2500000E-03 -0.1500000       342.2150      -1.570754    
  0.1514596     -0.4305705     -0.1500000       337.5210      -1.570755    
  0.1062633     -0.4437265     -0.1500000       337.5210      -1.570755    
  1.2500000E-03  1.2500000E-03 -0.1500000       337.5210      -1.570755    
  0.1514596     -0.4305705     -0.1500000       337.5210      -1.570755    
  1.2500000E-03  1.2500000E-03 -0.1500000       345.8629      -1.570752    
  0.1062633     -0.4437265     -0.1500000       345.8629      -1.570752    
  5.9953801E-02 -0.4521656     -0.1500000       345.8629      -1.570752    
  1.2500000E-03  1.2500000E-03 -0.1500000       345.8629      -1.570752    
  1.2500000E-03  1.2500000E-03 -0.1500000       350.5328      -1.570751    
  5.9953801E-02 -0.4521656     -0.1500000       350.5328      -1.570751    
  1.3022000E-02 -0.4557984     -0.1500000       350.5328      -1.570751    
  1.2500000E-03  1.2500000E-03 -0.1500000       350.5328      -1.570751    
  0.2756680     -0.3644365     -0.1500000       291.5344      -1.570775    
  0.2366133     -0.3907142     -0.1500000       291.5344      -1.570775    
  1.2500000E-03  1.2500000E-03 -0.1500000       291.5344      -1.570775    
  0.2756680     -0.3644365     -0.1500000       291.5344      -1.570775    
  1.2500000E-03  1.2500000E-03 -0.1500000       310.2119      -1.570766    
  0.2366133     -0.3907142     -0.1500000       310.2119      -1.570766    
  0.1950637     -0.4128371     -0.1500000       310.2119      -1.570766    
  1.2500000E-03  1.2500000E-03 -0.1500000       310.2119      -1.570766    
  1.2500000E-03  1.2500000E-03 -0.1500000       325.5943      -1.570760    
  0.1950637     -0.4128371     -0.1500000       325.5943      -1.570760    
  0.1514596     -0.4305705     -0.1500000       325.5943      -1.570760    
  1.2500000E-03  1.2500000E-03 -0.1500000       325.5943      -1.570760    
  0.3738810     -0.2636613     -0.1500000       217.8784      -1.570823    
  0.3446676     -0.3005715     -0.1500000       217.8784      -1.570823    
  1.2500000E-03  1.2500000E-03 -0.1500000       217.8784      -1.570823    
  0.3738810     -0.2636613     -0.1500000       217.8784      -1.570823    
  1.2500000E-03  1.2500000E-03 -0.1500000       245.1222      -1.570802    
  0.3446676     -0.3005715     -0.1500000       245.1222      -1.570802    
  0.3118138     -0.3342824     -0.1500000       245.1222      -1.570802    
  1.2500000E-03  1.2500000E-03 -0.1500000       245.1222      -1.570802    
  1.2500000E-03  1.2500000E-03 -0.1500000       269.7611      -1.570786    
  0.3118138     -0.3342824     -0.1500000       269.7611      -1.570786    
  0.2756680     -0.3644365     -0.1500000       269.7611      -1.570786    
  1.2500000E-03  1.2500000E-03 -0.1500000       269.7611      -1.570786    
  0.4367950     -0.1377913     -0.1500000       123.5314      -1.570969    
  0.4201901     -0.1818375     -0.1500000       123.5314      -1.570969    
  1.2500000E-03  1.2500000E-03 -0.1500000       123.5314      -1.570969    
  0.4367950     -0.1377913     -0.1500000       123.5314      -1.570969    
  1.2500000E-03  1.2500000E-03 -0.1500000       156.7592      -1.570897    
  0.4201901     -0.1818375     -0.1500000       156.7592      -1.570897    
  0.3991444     -0.2239430     -0.1500000       156.7592      -1.570897    
  1.2500000E-03  1.2500000E-03 -0.1500000       156.7592      -1.570897    
  1.2500000E-03  1.2500000E-03 -0.1500000       188.3196      -1.570853    
  0.3991444     -0.2239430     -0.1500000       188.3196      -1.570853    
  0.3738810     -0.2636613     -0.1500000       188.3196      -1.570853    
  1.2500000E-03  1.2500000E-03 -0.1500000       188.3196      -1.570853    
  0.4584500      1.2500000E-03 -0.1500000       17.42990      -1.573016    
  0.4560270     -4.5759700E-02 -0.1500000       17.42990      -1.573016    
  1.2500000E-03  1.2500000E-03 -0.1500000       17.42990      -1.573016    
  0.4584500      1.2500000E-03 -0.1500000       17.42990      -1.573016    
  1.2500000E-03  1.2500000E-03 -0.1500000       53.49535      -1.571409    
  0.4560270     -4.5759700E-02 -0.1500000       53.49535      -1.571409    
  0.4487830     -9.2271201E-02 -0.1500000       53.49535      -1.571409    
  1.2500000E-03  1.2500000E-03 -0.1500000       53.49535      -1.571409    
  1.2500000E-03  1.2500000E-03 -0.1500000       88.98791      -1.571099    
  0.4487830     -9.2271201E-02 -0.1500000       88.98791      -1.571099    
  0.4367950     -0.1377913     -0.1500000       88.98791      -1.571099    
  1.2500000E-03  1.2500000E-03 -0.1500000       88.98791      -1.571099    
  0.4367950      0.1402913     -0.1500000       90.37457       1.571420    
  0.4487830      9.4771199E-02 -0.1500000       90.37457       1.571420    
  1.2500000E-03  1.2500000E-03 -0.1500000       90.37457       1.571420    
  0.4367950      0.1402913     -0.1500000       90.37457       1.571420    
  1.2500000E-03  1.2500000E-03 -0.1500000       54.88849       1.571718    
  0.4487830      9.4771199E-02 -0.1500000       54.88849       1.571718    
  0.4560270      4.8259798E-02 -0.1500000       54.88849       1.571718    
  1.2500000E-03  1.2500000E-03 -0.1500000       54.88849       1.571718    
  1.2500000E-03  1.2500000E-03 -0.1500000       18.82621       1.573168    
  0.4560270      4.8259798E-02 -0.1500000       18.82621       1.573168    
  0.4584500      1.2500000E-03 -0.1500000       18.82621       1.573168    
  1.2500000E-03  1.2500000E-03 -0.1500000       18.82621       1.573168    
  0.3738810      0.2661614     -0.1500000       189.6702       1.571180    
  0.3991444      0.2264430     -0.1500000       189.6702       1.571180    
  1.2500000E-03  1.2500000E-03 -0.1500000       189.6702       1.571180    
  0.3738810      0.2661614     -0.1500000       189.6702       1.571180    
  1.2500000E-03  1.2500000E-03 -0.1500000       158.1247       1.571223    
  0.3991444      0.2264430     -0.1500000       158.1247       1.571223    
  0.4201901      0.1843376     -0.1500000       158.1247       1.571223    
  1.2500000E-03  1.2500000E-03 -0.1500000       158.1247       1.571223    
  1.2500000E-03  1.2500000E-03 -0.1500000       124.9089       1.571293    
  0.4201901      0.1843376     -0.1500000       124.9089       1.571293    
  0.4367950      0.1402913     -0.1500000       124.9089       1.571293    
  1.2500000E-03  1.2500000E-03 -0.1500000       124.9089       1.571293    
  0.2756680      0.3669365     -0.1500000       271.0488       1.571114    
  0.3118138      0.3367824     -0.1500000       271.0488       1.571114    
  1.2500000E-03  1.2500000E-03 -0.1500000       271.0488       1.571114    
  0.2756680      0.3669365     -0.1500000       271.0488       1.571114    
  1.2500000E-03  1.2500000E-03 -0.1500000       246.4326       1.571129    
  0.3118138      0.3367824     -0.1500000       246.4326       1.571129    
  0.3446676      0.3030716     -0.1500000       246.4326       1.571129    
  1.2500000E-03  1.2500000E-03 -0.1500000       246.4326       1.571129    
  1.2500000E-03  1.2500000E-03 -0.1500000       219.2101       1.571150    
  0.3446676      0.3030716     -0.1500000       219.2101       1.571150    
  0.3738810      0.2661614     -0.1500000       219.2101       1.571150    
  1.2500000E-03  1.2500000E-03 -0.1500000       219.2101       1.571150    
  0.1514596      0.4330705     -0.1500000       326.8066       1.571088    
  0.1950637      0.4153371     -0.1500000       326.8066       1.571088    
  1.2500000E-03  1.2500000E-03 -0.1500000       326.8066       1.571088    
  0.1514596      0.4330705     -0.1500000       326.8066       1.571088    
  1.2500000E-03  1.2500000E-03 -0.1500000       311.4503       1.571094    
  0.1950637      0.4153371     -0.1500000       311.4503       1.571094    
  0.2366133      0.3932143     -0.1500000       311.4503       1.571094    
  1.2500000E-03  1.2500000E-03 -0.1500000       311.4503       1.571094    
  1.2500000E-03  1.2500000E-03 -0.1500000       292.7986       1.571102    
  0.2366133      0.3932143     -0.1500000       292.7986       1.571102    
  0.2756680      0.3669365     -0.1500000       292.7986       1.571102    
  1.2500000E-03  1.2500000E-03 -0.1500000       292.7986       1.571102    
  1.3022000E-02  0.4582980     -0.1500000       351.6579       1.571079    
  5.9953801E-02  0.4546660     -0.1500000       351.6579       1.571079    
  1.2500000E-03  1.2500000E-03 -0.1500000       351.6579       1.571079    
  1.3022000E-02  0.4582980     -0.1500000       351.6579       1.571079    
  1.2500000E-03  1.2500000E-03 -0.1500000       347.0181       1.571080    
  5.9953801E-02  0.4546660     -0.1500000       347.0181       1.571080    
  0.1062633      0.4462270     -0.1500000       347.0181       1.571080    
  1.2500000E-03  1.2500000E-03 -0.1500000       347.0181       1.571080    
  1.2500000E-03  1.2500000E-03 -0.1500000       338.7043       1.571083    
  0.1062633      0.4462270     -0.1500000       338.7043       1.571083    
  0.1514596      0.4330705     -0.1500000       338.7043       1.571083    
  1.2500000E-03  1.2500000E-03 -0.1500000       338.7043       1.571083    
 -0.1265308      0.4402310     -0.1500000       343.2489       1.571082    
 -8.0717102E-02  0.4510420     -0.1500000       343.2489       1.571082    
  1.2500000E-03  1.2500000E-03 -0.1500000       343.2489       1.571082    
 -0.1265308      0.4402310     -0.1500000       343.2489       1.571082    
  1.2500000E-03  1.2500000E-03 -0.1500000       349.7633       1.571079    
 -8.0717102E-02  0.4510420     -0.1500000       349.7633       1.571079    
 -3.4034599E-02  0.4570860     -0.1500000       349.7633       1.571079    
  1.2500000E-03  1.2500000E-03 -0.1500000       349.7633       1.571079    
  1.2500000E-03  1.2500000E-03 -0.1500000       352.5761       1.571078    
 -3.4034599E-02  0.4570860     -0.1500000       352.5761       1.571078    
  1.3022000E-02  0.4582980     -0.1500000       352.5761       1.571078    
  1.2500000E-03  1.2500000E-03 -0.1500000       352.5761       1.571078    
 -0.2539790      0.3805784     -0.1500000       302.3759       1.571098    
 -0.2136233      0.4048108     -0.1500000       302.3759       1.571098    
  1.2500000E-03  1.2500000E-03 -0.1500000       302.3759       1.571098    
 -0.2539790      0.3805784     -0.1500000       302.3759       1.571098    
  1.2500000E-03  1.2500000E-03 -0.1500000       319.4279       1.571091    
 -0.2136233      0.4048108     -0.1500000       319.4279       1.571091    
 -0.1709900      0.4247653     -0.1500000       319.4279       1.571091    
  1.2500000E-03  1.2500000E-03 -0.1500000       319.4279       1.571091    
  1.2500000E-03  1.2500000E-03 -0.1500000       333.1016       1.571085    
 -0.1709900      0.4247653     -0.1500000       333.1016       1.571085    
 -0.1265308      0.4402310     -0.1500000       333.1016       1.571085    
  1.2500000E-03  1.2500000E-03 -0.1500000       333.1016       1.571085    
 -0.3572496      0.2849927     -0.1500000       232.9140       1.571139    
 -0.3261748      0.3203501     -0.1500000       232.9140       1.571139    
  1.2500000E-03  1.2500000E-03 -0.1500000       232.9140       1.571139    
 -0.3572496      0.2849927     -0.1500000       232.9140       1.571139    
  1.2500000E-03  1.2500000E-03 -0.1500000       258.8888       1.571121    
 -0.3261748      0.3203501     -0.1500000       258.8888       1.571121    
 -0.2916292      0.3523250     -0.1500000       258.8888       1.571121    
  1.2500000E-03  1.2500000E-03 -0.1500000       258.8888       1.571121    
  1.2500000E-03  1.2500000E-03 -0.1500000       282.1247       1.571108    
 -0.2916292      0.3523250     -0.1500000       282.1247       1.571108    
 -0.2539790      0.3805784     -0.1500000       282.1247       1.571108    
  1.2500000E-03  1.2500000E-03 -0.1500000       282.1247       1.571108    
 -0.4265597      0.1625283     -0.1500000       141.4417       1.571255    
 -0.4077095      0.2056613     -0.1500000       141.4417       1.571255    
  1.2500000E-03  1.2500000E-03 -0.1500000       141.4417       1.571255    
 -0.4265597      0.1625283     -0.1500000       141.4417       1.571255    
  1.2500000E-03  1.2500000E-03 -0.1500000       173.8785       1.571200    
 -0.4077095      0.2056613     -0.1500000       173.8785       1.571200    
 -0.3845242      0.2466275     -0.1500000       173.8785       1.571200    
  1.2500000E-03  1.2500000E-03 -0.1500000       173.8785       1.571200    
  1.2500000E-03  1.2500000E-03 -0.1500000       204.4772       1.571164    
 -0.3845242      0.2466275     -0.1500000       204.4772       1.571164    
 -0.3572496      0.2849927     -0.1500000       204.4772       1.571164    
  1.2500000E-03  1.2500000E-03 -0.1500000       204.4772       1.571164    
 -0.4553438      2.4786100E-02 -0.1500000       36.59576       1.572098    
 -0.4505038      7.1608797E-02 -0.1500000       36.59576       1.572098    
  1.2500000E-03  1.2500000E-03 -0.1500000       36.59576       1.572098    
 -0.4553438      2.4786100E-02 -0.1500000       36.59576       1.572098    
  1.2500000E-03  1.2500000E-03 -0.1500000       72.44142       1.571535    
 -0.4505038      7.1608797E-02 -0.1500000       72.44142       1.571535    
 -0.4408751      0.1176857     -0.1500000       72.44142       1.571535    
  1.2500000E-03  1.2500000E-03 -0.1500000       72.44142       1.571535    
  1.2500000E-03  1.2500000E-03 -0.1500000       107.5104       1.571347    
 -0.4408751      0.1176857     -0.1500000       107.5104       1.571347    
 -0.4265597      0.1625283     -0.1500000       107.5104       1.571347    
  1.2500000E-03  1.2500000E-03 -0.1500000       107.5104       1.571347    
  0.5675000      1.2500000E-03 -4.6000001E-03   33.49362       1.572180    
  0.5644990      5.9472401E-02 -4.6000001E-03   33.49362       1.572180    
  1.2500000E-03  1.2500000E-03 -4.6000001E-03   33.49362       1.572180    
  0.5675000      1.2500000E-03 -4.6000001E-03   33.49362       1.572180    
  0.5406800     -0.1709550     -4.6000001E-03   158.0391      -1.570939    
  0.5555270     -0.1145776     -4.6000001E-03   158.0391      -1.570939    
  1.2500000E-03  1.2500000E-03 -4.6000001E-03   158.0391      -1.570939    
  0.5406800     -0.1709550     -4.6000001E-03   158.0391      -1.570939    
  1.2500000E-03  1.2500000E-03 -4.6000001E-03   94.98087      -1.571117    
  0.5555270     -0.1145776     -4.6000001E-03   94.98087      -1.571117    
  0.5644990     -5.6972399E-02 -4.6000001E-03   94.98087      -1.571117    
  1.2500000E-03  1.2500000E-03 -4.6000001E-03   94.98087      -1.571117    
  1.2500000E-03  1.2500000E-03 -4.6000001E-03   30.91027      -1.572038    
  0.5644990     -5.6972399E-02 -4.6000001E-03   30.91027      -1.572038    
  0.5675000      1.2500000E-03 -4.6000001E-03   30.91027      -1.572038    
  1.2500000E-03  1.2500000E-03 -4.6000001E-03   30.91027      -1.572038    
  0.4627600     -0.3268472     -4.6000001E-03   334.5533      -1.570798    
  0.4940490     -0.2776553     -4.6000001E-03   334.5533      -1.570798    
  1.2500000E-03  1.2500000E-03 -4.6000001E-03   334.5533      -1.570798    
  0.4627600     -0.3268472     -4.6000001E-03   334.5533      -1.570798    
  1.2500000E-03  1.2500000E-03 -4.6000001E-03   278.4637      -1.570824    
  0.4940490     -0.2776553     -4.6000001E-03   278.4637      -1.570824    
  0.5201140     -0.2255070     -4.6000001E-03   278.4637      -1.570824    
  1.2500000E-03  1.2500000E-03 -4.6000001E-03   278.4637      -1.570824    
  1.2500000E-03  1.2500000E-03 -4.6000001E-03   219.4169      -1.570865    
  0.5201140     -0.2255070     -4.6000001E-03   219.4169      -1.570865    
  0.5406800     -0.1709550     -4.6000001E-03   219.4169      -1.570865    
  1.2500000E-03  1.2500000E-03 -4.6000001E-03   219.4169      -1.570865    
  0.3411214     -0.4516589     -4.6000001E-03   479.3278      -1.570760    
  0.3858885     -0.4143126     -4.6000001E-03   479.3278      -1.570760    
  1.2500000E-03  1.2500000E-03 -4.6000001E-03   479.3278      -1.570760    
  0.3411214     -0.4516589     -4.6000001E-03   479.3278      -1.570760    
  1.2500000E-03  1.2500000E-03 -4.6000001E-03   435.5204      -1.570769    
  0.3858885     -0.4143126     -4.6000001E-03   435.5204      -1.570769    
  0.4265785     -0.3725611     -4.6000001E-03   435.5204      -1.570769    
  1.2500000E-03  1.2500000E-03 -4.6000001E-03   435.5204      -1.570769    
  1.2500000E-03  1.2500000E-03 -4.6000001E-03   387.0912      -1.570781    
  0.4265785     -0.3725611     -4.6000001E-03   387.0912      -1.570781    
  0.4627600     -0.3268472     -4.6000001E-03   387.0912      -1.570781    
  1.2500000E-03  1.2500000E-03 -4.6000001E-03   387.0912      -1.570781    
  0.1872871     -0.5335670     -4.6000001E-03   578.6487      -1.570745    
  0.2412916     -0.5116039     -4.6000001E-03   578.6487      -1.570745    
  1.2500000E-03  1.2500000E-03 -4.6000001E-03   578.6487      -1.570745    
  0.1872871     -0.5335670     -4.6000001E-03   578.6487      -1.570745    
  1.2500000E-03  1.2500000E-03 -4.6000001E-03   551.2723      -1.570749    
  0.2412916     -0.5116039     -4.6000001E-03   551.2723      -1.570749    
  0.2927515     -0.4842044     -4.6000001E-03   551.2723      -1.570749    
  1.2500000E-03  1.2500000E-03 -4.6000001E-03   551.2723      -1.570749    
  1.2500000E-03  1.2500000E-03 -4.6000001E-03   518.0482      -1.570754    
  0.2927515     -0.4842044     -4.6000001E-03   518.0482      -1.570754    
  0.3411214     -0.4516589     -4.6000001E-03   518.0482      -1.570754    
  1.2500000E-03  1.2500000E-03 -4.6000001E-03   518.0482      -1.570754    
  1.5829800E-02 -0.5648122     -4.6000001E-03   623.1055      -1.570740    
  7.3955603E-02 -0.5603129     -4.6000001E-03   623.1055      -1.570740    
  1.2500000E-03  1.2500000E-03 -4.6000001E-03   623.1055      -1.570740    
  1.5829800E-02 -0.5648122     -4.6000001E-03   623.1055      -1.570740    
  1.2500000E-03  1.2500000E-03 -4.6000001E-03   614.7560      -1.570741    
  7.3955603E-02 -0.5603129     -4.6000001E-03   614.7560      -1.570741    
  0.1313107     -0.5498609     -4.6000001E-03   614.7560      -1.570741    
  1.2500000E-03  1.2500000E-03 -4.6000001E-03   614.7560      -1.570741    
  1.2500000E-03  1.2500000E-03 -4.6000001E-03   599.8844      -1.570743    
  0.1313107     -0.5498609     -4.6000001E-03   599.8844      -1.570743    
  0.1872871     -0.5335670     -4.6000001E-03   599.8844      -1.570743    
  1.2500000E-03  1.2500000E-03 -4.6000001E-03   599.8844      -1.570743    
 -0.1570087     -0.5424348     -4.6000001E-03   608.4922      -1.570742    
 -0.1002677     -0.5558256     -4.6000001E-03   608.4922      -1.570742    
  1.2500000E-03  1.2500000E-03 -4.6000001E-03   608.4922      -1.570742    
 -0.1570087     -0.5424348     -4.6000001E-03   608.4922      -1.570742    
  1.2500000E-03  1.2500000E-03 -4.6000001E-03   619.9581      -1.570741    
 -0.1002677     -0.5558256     -4.6000001E-03   619.9581      -1.570741    
 -4.2450599E-02 -0.5633112     -4.6000001E-03   619.9581      -1.570741    
  1.2500000E-03  1.2500000E-03 -4.6000001E-03   619.9581      -1.570741    
  1.2500000E-03  1.2500000E-03 -4.6000001E-03   624.8459      -1.570740    
 -4.2450599E-02 -0.5633112     -4.6000001E-03   624.8459      -1.570740    
  1.5829800E-02 -0.5648122     -4.6000001E-03   624.8459      -1.570740    
  1.2500000E-03  1.2500000E-03 -4.6000001E-03   624.8459      -1.570740    
 -0.3148555     -0.4685546     -4.6000001E-03   536.1887      -1.570751    
 -0.2648743     -0.4985668     -4.6000001E-03   536.1887      -1.570751    
  1.2500000E-03  1.2500000E-03 -4.6000001E-03   536.1887      -1.570751    
 -0.3148555     -0.4685546     -4.6000001E-03   536.1887      -1.570751    
  1.2500000E-03  1.2500000E-03 -4.6000001E-03   566.3834      -1.570747    
 -0.2648743     -0.4985668     -4.6000001E-03   566.3834      -1.570747    
 -0.2120721     -0.5232809     -4.6000001E-03   566.3834      -1.570747    
  1.2500000E-03  1.2500000E-03 -4.6000001E-03   566.3834      -1.570747    
  1.2500000E-03  1.2500000E-03 -4.6000001E-03   590.5718      -1.570744    
 -0.2120721     -0.5232809     -4.6000001E-03   590.5718      -1.570744    
 -0.1570087     -0.5424348     -4.6000001E-03   590.5718      -1.570744    
  1.2500000E-03  1.2500000E-03 -4.6000001E-03   590.5718      -1.570744    
 -0.4427578     -0.3501701     -4.6000001E-03   413.0537      -1.570775    
 -0.4042712     -0.3939609     -4.6000001E-03   413.0537      -1.570775    
  1.2500000E-03  1.2500000E-03 -4.6000001E-03   413.0537      -1.570775    
 -0.4427578     -0.3501701     -4.6000001E-03   413.0537      -1.570775    
  1.2500000E-03  1.2500000E-03 -4.6000001E-03   459.1145      -1.570765    
 -0.4042712     -0.3939609     -4.6000001E-03   459.1145      -1.570765    
 -0.3614859     -0.4335623     -4.6000001E-03   459.1145      -1.570765    
  1.2500000E-03  1.2500000E-03 -4.6000001E-03   459.1145      -1.570765    
  1.2500000E-03  1.2500000E-03 -4.6000001E-03   500.3047      -1.570757    
 -0.3614859     -0.4335623     -4.6000001E-03   500.3047      -1.570757    
 -0.3148555     -0.4685546     -4.6000001E-03   500.3047      -1.570757    
  1.2500000E-03  1.2500000E-03 -4.6000001E-03   500.3047      -1.570757    
 -0.5285996     -0.1984958     -4.6000001E-03   250.7496      -1.570841    
 -0.5052533     -0.2519168     -4.6000001E-03   250.7496      -1.570841    
  1.2500000E-03  1.2500000E-03 -4.6000001E-03   250.7496      -1.570841    
 -0.5285996     -0.1984958     -4.6000001E-03   250.7496      -1.570841    
  1.2500000E-03  1.2500000E-03 -4.6000001E-03   308.3120      -1.570810    
 -0.5052533     -0.2519168     -4.6000001E-03   308.3120      -1.570810    
 -0.4765379     -0.3026542     -4.6000001E-03   308.3120      -1.570810    
  1.2500000E-03  1.2500000E-03 -4.6000001E-03   308.3120      -1.570810    
  1.2500000E-03  1.2500000E-03 -4.6000001E-03   362.6079      -1.570789    
 -0.4765379     -0.3026542     -4.6000001E-03   362.6079      -1.570789    
 -0.4427578     -0.3501701     -4.6000001E-03   362.6079      -1.570789    
  1.2500000E-03  1.2500000E-03 -4.6000001E-03   362.6079      -1.570789    
 -0.5642492     -2.7899800E-02 -4.6000001E-03   64.63471      -1.571327    
 -0.5582547     -8.5890502E-02 -4.6000001E-03   64.63471      -1.571327    
  1.2500000E-03  1.2500000E-03 -4.6000001E-03   64.63471      -1.571327    
 -0.5642492     -2.7899800E-02 -4.6000001E-03   64.63471      -1.571327    
  1.2500000E-03  1.2500000E-03 -4.6000001E-03   128.2667      -1.571002    
 -0.5582547     -8.5890502E-02 -4.6000001E-03   128.2667      -1.571002    
 -0.5463294     -0.1429575     -4.6000001E-03   128.2667      -1.571002    
  1.2500000E-03  1.2500000E-03 -4.6000001E-03   128.2667      -1.571002    
  1.2500000E-03  1.2500000E-03 -4.6000001E-03   190.5271      -1.570894    
 -0.5463294     -0.1429575     -4.6000001E-03   190.5271      -1.570894    
 -0.5285996     -0.1984958     -4.6000001E-03   190.5271      -1.570894    
  1.2500000E-03  1.2500000E-03 -4.6000001E-03   190.5271      -1.570894    
 -0.5463294      0.1454575     -4.6000001E-03   127.7119       1.571252    
 -0.5582547      8.8390604E-02 -4.6000001E-03   127.7119       1.571252    
  1.2500000E-03  1.2500000E-03 -4.6000001E-03   127.7119       1.571252    
 -0.5463294      0.1454575     -4.6000001E-03   127.7119       1.571252    
  1.2500000E-03  1.2500000E-03 -4.6000001E-03   64.05243       1.571581    
 -0.5582547      8.8390604E-02 -4.6000001E-03   64.05243       1.571581    
 -0.5642492      3.0399900E-02 -4.6000001E-03   64.05243       1.571581    
  1.2500000E-03  1.2500000E-03 -4.6000001E-03   64.05243       1.571581    
  1.2500000E-03  1.2500000E-03 -4.6000001E-03  0.2990506      -1.712695    
 -0.5642492      3.0399900E-02 -4.6000001E-03  0.2990506      -1.712695    
 -0.5642492     -2.7899800E-02 -4.6000001E-03  0.2990506      -1.712695    
  1.2500000E-03  1.2500000E-03 -4.6000001E-03  0.2990506      -1.712695    
 -0.4765379      0.3051542     -4.6000001E-03   307.9401       1.571058    
 -0.5052533      0.2544169     -4.6000001E-03   307.9401       1.571058    
  1.2500000E-03  1.2500000E-03 -4.6000001E-03   307.9401       1.571058    
 -0.4765379      0.3051542     -4.6000001E-03   307.9401       1.571058    
  1.2500000E-03  1.2500000E-03 -4.6000001E-03   250.3065       1.571089    
 -0.5052533      0.2544169     -4.6000001E-03   250.3065       1.571089    
 -0.5285996      0.2009959     -4.6000001E-03   250.3065       1.571089    
  1.2500000E-03  1.2500000E-03 -4.6000001E-03   250.3065       1.571089    
  1.2500000E-03  1.2500000E-03 -4.6000001E-03   190.0123       1.571143    
 -0.5285996      0.2009959     -4.6000001E-03   190.0123       1.571143    
 -0.5463294      0.1454575     -4.6000001E-03   190.0123       1.571143    
  1.2500000E-03  1.2500000E-03 -4.6000001E-03   190.0123       1.571143    
 -0.3614859      0.4360620     -4.6000001E-03   459.0480       1.571012    
 -0.4042712      0.3964609     -4.6000001E-03   459.0480       1.571012    
  1.2500000E-03  1.2500000E-03 -4.6000001E-03   459.0480       1.571012    
 -0.3614859      0.4360620     -4.6000001E-03   459.0480       1.571012    
  1.2500000E-03  1.2500000E-03 -4.6000001E-03   412.8711       1.571023    
 -0.4042712      0.3964609     -4.6000001E-03   412.8711       1.571023    
 -0.4427578      0.3526701     -4.6000001E-03   412.8711       1.571023    
  1.2500000E-03  1.2500000E-03 -4.6000001E-03   412.8711       1.571023    
  1.2500000E-03  1.2500000E-03 -4.6000001E-03   362.3127       1.571037    
 -0.4427578      0.3526701     -4.6000001E-03   362.3127       1.571037    
 -0.4765379      0.3051542     -4.6000001E-03   362.3127       1.571037    
  1.2500000E-03  1.2500000E-03 -4.6000001E-03   362.3127       1.571037    
 -0.2120721      0.5257810     -4.6000001E-03   566.7160       1.570995    
 -0.2648743      0.5010670     -4.6000001E-03   566.7160       1.570995    
  1.2500000E-03  1.2500000E-03 -4.6000001E-03   566.7160       1.570995    
 -0.2120721      0.5257810     -4.6000001E-03   566.7160       1.570995    
  1.2500000E-03  1.2500000E-03 -4.6000001E-03   536.3756       1.570999    
 -0.2648743      0.5010670     -4.6000001E-03   536.3756       1.570999    
 -0.3148555      0.4710550     -4.6000001E-03   536.3756       1.570999    
  1.2500000E-03  1.2500000E-03 -4.6000001E-03   536.3756       1.570999    
  1.2500000E-03  1.2500000E-03 -4.6000001E-03   500.3620       1.571005    
 -0.3148555      0.4710550     -4.6000001E-03   500.3620       1.571005    
 -0.3614859      0.4360620     -4.6000001E-03   500.3620       1.571005    
  1.2500000E-03  1.2500000E-03 -4.6000001E-03   500.3620       1.571005    
 -4.2450599E-02  0.5658110     -4.6000001E-03   620.7620       1.570988    
 -0.1002677      0.5583260     -4.6000001E-03   620.7620       1.570988    
  1.2500000E-03  1.2500000E-03 -4.6000001E-03   620.7620       1.570988    
 -4.2450599E-02  0.5658110     -4.6000001E-03   620.7620       1.570988    
  1.2500000E-03  1.2500000E-03 -4.6000001E-03   609.1368       1.570990    
 -0.1002677      0.5583260     -4.6000001E-03   609.1368       1.570990    
 -0.1570087      0.5449350     -4.6000001E-03   609.1368       1.570990    
  1.2500000E-03  1.2500000E-03 -4.6000001E-03   609.1368       1.570990    
  1.2500000E-03  1.2500000E-03 -4.6000001E-03   591.0587       1.570992    
 -0.1570087      0.5449350     -4.6000001E-03   591.0587       1.570992    
 -0.2120721      0.5257810     -4.6000001E-03   591.0587       1.570992    
  1.2500000E-03  1.2500000E-03 -4.6000001E-03   591.0587       1.570992    
  0.1313107      0.5523610     -4.6000001E-03   616.0438       1.570989    
  7.3955603E-02  0.5628130     -4.6000001E-03   616.0438       1.570989    
  1.2500000E-03  1.2500000E-03 -4.6000001E-03   616.0438       1.570989    
  0.1313107      0.5523610     -4.6000001E-03   616.0438       1.570989    
  1.2500000E-03  1.2500000E-03 -4.6000001E-03   624.2335       1.570988    
  7.3955603E-02  0.5628130     -4.6000001E-03   624.2335       1.570988    
  1.5829800E-02  0.5673120     -4.6000001E-03   624.2335       1.570988    
  1.2500000E-03  1.2500000E-03 -4.6000001E-03   624.2335       1.570988    
  1.2500000E-03  1.2500000E-03 -4.6000001E-03   625.8116       1.570988    
  1.5829800E-02  0.5673120     -4.6000001E-03   625.8116       1.570988    
 -4.2450599E-02  0.5658110     -4.6000001E-03   625.8116       1.570988    
  1.2500000E-03  1.2500000E-03 -4.6000001E-03   625.8116       1.570988    
  0.2927515      0.4867040     -4.6000001E-03   553.0172       1.570997    
  0.2412916      0.5141040     -4.6000001E-03   553.0172       1.570997    
  1.2500000E-03  1.2500000E-03 -4.6000001E-03   553.0172       1.570997    
  0.2927515      0.4867040     -4.6000001E-03   553.0172       1.570997    
  1.2500000E-03  1.2500000E-03 -4.6000001E-03   580.2447       1.570993    
  0.2412916      0.5141040     -4.6000001E-03   580.2447       1.570993    
  0.1872871      0.5360670     -4.6000001E-03   580.2447       1.570993    
  1.2500000E-03  1.2500000E-03 -4.6000001E-03   580.2447       1.570993    
  1.2500000E-03  1.2500000E-03 -4.6000001E-03   601.3282       1.570991    
  0.1872871      0.5360670     -4.6000001E-03   601.3282       1.570991    
  0.1313107      0.5523610     -4.6000001E-03   601.3282       1.570991    
  1.2500000E-03  1.2500000E-03 -4.6000001E-03   601.3282       1.570991    
  0.4265785      0.3750612     -4.6000001E-03   437.6569       1.571017    
  0.3858885      0.4168126     -4.6000001E-03   437.6569       1.571017    
  1.2500000E-03  1.2500000E-03 -4.6000001E-03   437.6569       1.571017    
  0.4265785      0.3750612     -4.6000001E-03   437.6569       1.571017    
  1.2500000E-03  1.2500000E-03 -4.6000001E-03   481.3452       1.571008    
  0.3858885      0.4168126     -4.6000001E-03   481.3452       1.571008    
  0.3411214      0.4541590     -4.6000001E-03   481.3452       1.571008    
  1.2500000E-03  1.2500000E-03 -4.6000001E-03   481.3452       1.571008    
  1.2500000E-03  1.2500000E-03 -4.6000001E-03   519.9357       1.571002    
  0.3411214      0.4541590     -4.6000001E-03   519.9357       1.571002    
  0.2927515      0.4867040     -4.6000001E-03   519.9357       1.571002    
  1.2500000E-03  1.2500000E-03 -4.6000001E-03   519.9357       1.571002    
  0.5201140      0.2280070     -4.6000001E-03   280.8820       1.571071    
  0.4940490      0.2801554     -4.6000001E-03   280.8820       1.571071    
  1.2500000E-03  1.2500000E-03 -4.6000001E-03   280.8820       1.571071    
  0.5201140      0.2280070     -4.6000001E-03   280.8820       1.571071    
  1.2500000E-03  1.2500000E-03 -4.6000001E-03   336.8917       1.571046    
  0.4940490      0.2801554     -4.6000001E-03   336.8917       1.571046    
  0.4627600      0.3293472     -4.6000001E-03   336.8917       1.571046    
  1.2500000E-03  1.2500000E-03 -4.6000001E-03   336.8917       1.571046    
  1.2500000E-03  1.2500000E-03 -4.6000001E-03   389.3353       1.571029    
  0.4627600      0.3293472     -4.6000001E-03   389.3353       1.571029    
  0.4265785      0.3750612     -4.6000001E-03   389.3353       1.571029    
  1.2500000E-03  1.2500000E-03 -4.6000001E-03   389.3353       1.571029    
  0.5644990      5.9472401E-02 -4.6000001E-03   97.54734       1.571353    
  0.5555270      0.1170776     -4.6000001E-03   97.54734       1.571353    
  1.2500000E-03  1.2500000E-03 -4.6000001E-03   97.54734       1.571353    
  0.5644990      5.9472401E-02 -4.6000001E-03   97.54734       1.571353    
  1.2500000E-03  1.2500000E-03 -4.6000001E-03   160.5725       1.571183    
  0.5555270      0.1170776     -4.6000001E-03   160.5725       1.571183    
  0.5406800      0.1734551     -4.6000001E-03   160.5725       1.571183    
  1.2500000E-03  1.2500000E-03 -4.6000001E-03   160.5725       1.571183    
  1.2500000E-03  1.2500000E-03 -4.6000001E-03   221.9008       1.571110    
  0.5406800      0.1734551     -4.6000001E-03   221.9008       1.571110    
  0.5201140      0.2280070     -4.6000001E-03   221.9008       1.571110    
  1.2500000E-03  1.2500000E-03 -4.6000001E-03   221.9008       1.571110    
           1           2           3           4
           5           6           7           8
           9          10          11          12
          13          14          15          16
          17          18          19          20
          21          22          23          24
          25          26          27          28
          29          30          31          32
          33          34          35          36
          37          38          39          40
          41          42          43          44
          45          46          47          48
          49          50          51          52
          53          54          55          56
          57          58          59          60
          61          62          63          64
          65          66          67          68
          69          70          71          72
          73          74          75          76
          77          78          79          80
          81          82          83          84
          85          86          87          88
          89          90          91          92
          93          94          95          96
          97          98          99         100
         101         102         103         104
         105         106         107         108
         109         110         111         112
         113         114         115         116
         117         118         119         120
         121         122         123         124
         125         126         127         128
         129         130         131         132
         133         134         135         136
         137         138         139         140
         141         142         143         144
         145         146         147         148
         149         150         151         152
         153         154         155         156
         157         158         159         160
         161         162         163         164
         165         166         167         168
         169         170         171         172
         173         174         175         176
         177         178         179         180
         181         182         183         184
         185         186         187         188
         189         190         191         192
         193         194         195         196
         197         198         199         200
         201         202         203         204
         205         206         207         208
         209         210         211         212
         213         214         215         216
         217         218         219         220
         221         222         223         224
         225         226         227         228
         229         230         231         232
         233         234         235         236
         237         238         239         240
         241         242         243         244
         245         246         247         248
         249         250         251         252
         253         254         255         256
         257         258         259         260
         261         262         263         264
         265         266         267         268
         269         270         271         272
         273         274         275         276
         277         278         279         280
         281         282         283         284
         285         286         287         288
         289         290         291         292
         293         294         295         296
         297         298         299         300
         301         302         303         304
         305         306         307         308
         309         310         311         312
         313         314         315         316
         317         318         319         320
         321         322         323         324
         325         326         327         328
         329         330         331         332
         333         334         335         336
         337         338         339         340
         341         342         343         344
         345         346         347         348
         349         350         351         352
         353         354         355         356
         357         358         359         360
         361         362         363         364
         365         366         367         368
         369         370         371         372
         373         374         375         376
         377         378         379         380
         381         382         383         384
         385         386         387         388
         389         390         391         392
         393         394         395         396
         397         398         399         400
         401         402         403         404
         405         406         407         408
         409         410         411         412
         413         414         415         416
         417         418         419         420
         421         422         423         424
         425         426         427         428
         429         430         431         432
         433         434         435         436
         437         438         439         440
         441         442         443         444
         445         446         447         448
         449         450         451         452
         453         454         455         456
         457         458         459         460
         461         462         463         464
         465         466         467         468
         469         470         471         472
         473         474         475         476
         477         478         479         480
         481         482         483         484
         485         486         487         488
         489         490         491         492
         493         494         495         496
         497         498         499         500
         501         502         503         504
         505         506         507         508
         509         510         511         512
         513         514         515         516
         517         518         519         520
         521         522         523         524
         525         526         527         528
         529         530         531         532
         533         534         535         536
         537         538         539         540
         541         542         543         544
         545         546         547         548
         549         550         551         552
         553         554         555         556
         557         558         559         560
         561         562         563         564
         565         566         567         568
         569         570         571         572
         573         574         575         576
         577         578         579         580
         581         582         583         584
         585         586         587         588
         589         590         591         592
         593         594         595         596
         597         598         599         600
         601         602         603         604
         605         606         607         608
         609         610         611         612
         613         614         615         616
         617         618         619         620
         621         622         623         624
         625         626         627         628
         629         630         631         632
         633         634         635         636
         637         638         639         640
         641         642         643         644
         645         646         647         648
         649         650         651         652
         653         654         655         656
         657         658         659         660
         661         662         663         664
         665         666         667         668
         669         670         671         672
         673         674         675         676
         677         678         679         680
         681         682         683         684
         685         686         687         688
         689         690         691         692
         693         694         695         696
         697         698         699         700
         701         702         703         704
         705         706         707         708
         709         710         711         712
         713         714         715         716
         717         718         719         720
         721         722         723         724
         725         726         727         728
         729         730         731         732
         733         734         735         736
         737         738         739         740
         741         742         743         744
         745         746         747         748
         749         750         751         752
         753         754         755         756
         757         758         759         760
         761         762         763         764
         765         766         767         768
         769         770         771         772
         773         774         775         776
         777         778         779         780
         781         782         783         784
         785         786         787         788
         789         790         791         792
         793         794         795         796
         797         798         799         800
         801         802         803         804
         805         806         807         808
         809         810         811         812
         813         814         815         816
         817         818         819         820
         821         822         823         824
         825         826         827         828
         829         830         831         832
         833         834         835         836
         837         838         839         840
         841         842         843         844
         845         846         847         848
         849         850         851         852
         853         854         855         856
         857         858         859         860
         861         862         863         864
         865         866         867         868
         869         870         871         872
         873         874         875         876
         877         878         879         880
         881         882         883         884
         885         886         887         888
         889         890         891         892
         893         894         895         896
         897         898         899         900
         901         902         903         904
         905         906         907         908
         909         910         911         912
         913         914         915         916
         917         918         919         920
         921         922         923         924
         925         926         927         928
         929         930         931         932
         933         934         935         936
         937         938         939         940
         941         942         943         944
         945         946         947         948
         949         950         951         952
         953         954         955         956
         957         958         959         960
         961         962         963         964
         965         966         967         968
         969         970         971         972
         973         974         975         976
         977         978         979         980
         981         982         983         984
